0	0	0	0	0	0	0	0	0	0	0	0	0	0	0	0	0	0	0	0	0	0	0	0	0	0	0	0	0	0	0	0	0	0	0	0	0	0	0	0	0	0	0	0	0	0	0	0	0	0	0	0	0	0	0	0	0	0	0	0	0	0	0	0	0	0	0	0	0	0	0	0	0	0	0	0	0	0	0	0	0	0	0	0	0	0	0	0	0	0	0	0	0	0	0	0	0	0	0	0	0	0	0	0	0	0	0	0	0	0	0	0	0	0	0	0	0	0	0
ASPmef1	1	1	0	0	1	1	1	1	0	1	1	1	1	0	1	1	0	1	0	1	1	1	1	1	1	0	0	1	1	1	1	0	1	1	1	1	1	0	1	0	1	0	1	1	0	0	0	1	1	1	1	0	0	1	0	1	1	1	1	1	1	1	0	0	0	1	1	1	1	1	0	1	1	0	1	1	0	1	0	1	1	1	1	0	1	1	0	1	0	1	0	0	1	0	1	1	1	0	0	1	0	0	1	0	0	1	1	1	1	1	1	0	1	0	1	1	0	1	1	1	
ASPmef4	1	1	0	1	1	1	1	1	1	1	1	1	1	0	1	0	0	1	0	1	1	1	1	1	1	0	0	1	1	1	1	0	1	1	1	1	1	0	1	1	1	1	0	1	0	1	0	1	1	1	1	0	1	1	1	1	1	1	1	1	1	1	0	0	0	1	1	1	1	1	0	1	1	1	1	1	0	1	0	1	1	1	1	0	1	1	0	1	0	1	0	0	1	1	0	1	1	0	0	1	0	0	1	0	1	1	1	1	1	1	1	0	1	0	1	1	0	1	1	1	
ASPmef5	1	1	0	1	1	1	1	1	1	1	1	1	1	0	1	0	0	1	0	1	1	1	1	1	1	1	0	1	1	1	1	0	1	1	1	1	1	0	1	1	1	1	1	1	0	0	0	1	1	1	1	0	1	1	1	1	1	1	1	1	1	1	0	0	0	1	1	1	1	1	0	1	1	0	1	1	0	1	0	1	0	1	0	0	1	1	0	1	0	1	0	0	1	0	0	1	1	0	0	1	0	0	1	0	1	1	1	1	1	1	1	0	0	1	1	1	0	1	1	1	
BALmef2	2	1	0	1	1	1	1	1	1	1	1	1	1	0	1	0	0	1	0	1	1	1	1	1	1	1	0	1	1	1	1	0	1	1	0	1	1	0	1	1	1	0	1	1	0	0	1	1	1	1	1	0	1	1	1	1	1	1	1	1	1	1	1	0	0	1	1	1	1	1	0	1	1	0	1	1	0	1	1	1	1	1	1	1	0	1	1	1	0	1	0	0	1	1	0	0	1	0	0	1	0	0	1	0	1	1	1	1	1	1	1	1	1	0	0	1	0	0	1	1	
BALmef3	2	1	0	1	1	1	1	1	1	1	1	1	1	0	1	0	0	1	0	1	1	1	1	1	1	1	0	1	1	1	1	0	1	1	1	1	0	0	1	1	1	1	1	1	0	0	1	1	1	0	1	0	1	1	1	1	1	1	1	1	1	1	0	0	0	1	1	1	1	1	0	1	1	1	1	0	0	1	0	1	1	1	1	1	0	1	0	1	0	1	0	0	1	1	0	1	1	0	0	1	0	0	1	0	1	1	1	1	1	1	1	0	1	0	0	1	1	1	1	1	
BALmem1	2	1	0	1	1	1	1	1	1	1	1	1	1	0	1	0	0	1	1	1	1	1	1	1	1	1	0	1	1	1	1	0	1	1	1	1	1	0	1	1	1	1	1	1	0	0	1	1	1	1	1	0	1	1	1	1	1	1	1	1	1	1	0	0	0	1	1	1	1	1	0	1	1	0	1	1	0	1	0	1	0	1	1	0	1	1	0	1	0	1	0	0	1	1	0	1	1	0	0	1	0	0	0	1	1	1	1	1	1	1	1	0	1	0	1	1	0	1	1	1	
BALmem4	2	1	0	1	1	1	1	1	1	1	1	1	1	0	1	1	1	1	0	0	1	1	1	1	1	1	0	1	0	0	1	0	1	0	1	1	1	0	1	0	1	1	1	1	0	1	0	1	1	1	1	0	1	1	1	1	1	0	1	1	1	1	0	0	0	1	1	1	1	1	1	1	1	1	0	1	0	1	0	1	1	1	1	1	1	1	0	1	0	1	0	1	1	1	1	1	1	0	0	1	0	0	0	1	1	1	1	1	1	1	1	0	1	0	1	1	0	1	1	1	
BAUmem1	3	1	0	1	1	1	1	1	1	1	1	1	1	0	1	0	0	1	0	1	1	1	1	1	1	1	0	1	1	1	1	0	1	1	1	1	1	0	1	1	1	0	1	0	1	0	1	1	1	1	1	0	0	1	0	1	1	1	1	1	1	1	0	0	0	1	1	1	1	1	0	1	1	0	1	1	0	1	0	1	0	1	0	0	1	1	1	0	0	1	0	0	0	1	0	1	1	0	0	1	0	0	1	0	0	1	1	1	1	1	1	0	1	0	0	1	0	0	1	1	
BAUmem2	3	1	0	1	1	1	1	1	1	1	1	1	1	0	1	1	0	1	0	1	1	1	1	1	1	1	0	1	1	1	1	0	1	1	1	1	1	1	1	1	1	0	1	1	0	0	0	1	1	1	1	0	1	1	1	1	1	1	1	1	1	1	0	0	0	1	1	1	1	1	0	1	1	0	1	0	0	1	0	1	1	1	1	0	1	1	1	0	0	1	0	0	1	1	0	1	1	0	0	1	0	0	1	0	1	1	1	1	1	1	1	0	0	1	1	1	0	1	1	1	
BAUmem3	3	1	0	1	1	0	1	1	0	1	1	1	1	0	1	0	0	1	1	0	1	1	1	1	1	1	0	1	1	1	1	0	1	1	1	1	0	0	1	1	1	0	1	1	0	0	0	1	0	1	1	0	1	1	1	0	1	1	1	1	1	1	0	0	0	1	1	1	1	1	0	1	1	1	1	1	0	1	0	1	0	1	1	1	0	1	1	0	0	1	0	0	1	1	0	1	1	0	1	1	0	0	1	0	1	1	1	1	1	1	1	0	1	0	1	1	0	1	1	1	
BAZmef1	4	1	0	1	1	1	1	1	1	1	1	1	1	0	1	0	0	1	0	1	1	1	1	1	1	1	0	1	1	1	1	0	1	1	1	1	1	0	1	1	1	0	1	1	0	0	1	1	1	0	1	0	1	1	1	1	1	1	1	1	1	1	0	0	0	1	1	1	1	1	0	1	1	0	1	1	0	1	0	1	1	1	1	0	1	1	1	1	0	1	0	0	1	0	0	1	1	0	0	1	0	0	1	0	1	1	1	1	1	1	1	1	0	0	0	0	1	1	1	1	
BAZmef2	4	1	0	1	1	1	1	1	1	1	1	1	1	0	1	1	1	1	0	1	1	1	1	1	1	1	0	1	1	1	1	0	1	1	1	1	1	0	1	1	1	0	1	1	0	0	0	1	1	0	1	0	1	1	1	1	1	1	1	1	1	1	1	1	0	1	1	1	1	1	0	1	1	0	1	1	0	1	0	1	1	1	1	0	1	1	1	1	0	1	0	0	1	1	0	1	1	0	0	1	0	0	1	0	1	1	1	1	1	1	1	0	1	0	1	1	0	1	1	1	
BAZmef3	4	1	0	1	1	1	1	1	1	1	1	1	1	0	1	1	1	1	0	1	1	1	1	1	1	1	0	1	1	1	1	0	1	1	0	1	1	0	1	1	1	1	1	1	0	0	1	1	1	1	1	0	1	1	1	1	1	1	1	1	1	1	0	0	0	1	1	1	1	1	0	1	1	0	1	1	0	1	0	1	0	1	1	0	1	1	1	1	0	1	0	0	1	1	0	1	1	0	0	1	0	1	1	0	1	1	1	1	1	1	1	0	1	0	1	1	0	1	1	1	
BAZmef4	4	1	0	1	1	1	1	1	1	1	0	1	1	0	1	0	0	1	0	1	1	1	1	1	0	0	0	1	1	1	0	0	1	1	1	1	0	0	1	1	1	0	1	1	0	0	1	1	1	1	1	0	1	1	1	1	1	1	1	1	1	1	0	0	0	1	1	1	1	1	0	1	1	1	1	1	0	1	0	1	0	1	1	1	0	1	0	1	0	1	0	0	1	1	0	1	1	0	0	1	0	0	1	0	1	1	1	1	1	1	1	0	1	0	0	0	0	1	1	1	
BAZmef5	4	1	0	0	1	1	1	1	1	1	1	1	1	0	1	0	0	1	0	0	1	1	1	1	1	1	0	1	1	1	1	0	1	1	1	1	1	1	1	1	1	0	1	1	0	0	1	1	1	1	1	0	1	1	1	1	1	1	1	1	1	1	0	0	0	1	1	1	1	1	1	1	1	0	1	1	0	1	0	1	1	1	1	1	0	1	1	1	0	1	1	0	1	1	0	1	1	0	0	1	0	0	1	0	1	1	1	1	1	1	1	0	1	0	0	1	0	1	1	1	
BDLmef1	5	1	0	1	1	1	1	1	1	1	1	1	1	0	1	0	0	1	0	1	1	1	1	1	1	1	0	1	1	1	1	0	1	1	1	1	1	0	1	1	1	1	1	1	0	0	0	1	1	0	1	0	1	1	1	1	1	1	1	1	1	1	0	0	0	1	1	1	1	1	0	1	1	0	1	1	0	1	0	1	0	1	0	1	1	1	0	1	0	1	0	0	1	1	0	1	1	1	0	1	0	0	1	0	1	1	1	1	1	1	1	0	0	0	0	1	0	1	1	1	
BDLmef2	5	1	0	1	1	1	1	1	1	1	1	1	1	0	1	0	0	1	0	1	1	1	1	1	1	1	0	1	1	1	1	0	1	1	1	1	1	0	1	1	1	1	1	1	0	1	1	1	1	1	1	0	1	1	1	1	1	1	1	1	1	1	0	0	0	1	1	1	1	1	0	1	1	1	0	1	0	1	0	1	0	1	0	1	0	1	1	1	0	1	0	0	1	1	0	1	1	0	0	1	0	0	1	0	1	1	1	1	1	1	1	0	1	0	0	1	0	0	1	1	
BEGmef1	6	1	0	1	1	1	1	1	0	1	1	1	1	0	1	0	0	1	0	1	1	1	1	1	1	1	0	1	1	1	1	0	1	1	1	1	1	0	1	1	1	1	1	1	1	0	1	1	0	0	1	0	1	1	1	1	1	1	1	0	1	1	0	0	0	1	1	1	0	1	0	1	1	0	1	1	0	1	0	1	0	1	1	0	1	1	1	1	1	1	0	0	1	1	0	1	1	0	0	1	0	0	1	0	1	1	1	1	1	1	1	0	1	0	0	1	1	0	1	1	
BEGmef2b	6	1	0	1	1	1	1	1	1	1	1	1	1	0	1	0	0	1	1	1	1	1	1	1	0	1	1	1	1	1	1	0	1	1	1	1	1	0	1	1	1	0	1	1	0	0	0	1	1	1	1	0	1	1	1	1	1	1	1	1	1	1	0	0	0	1	1	1	1	1	0	1	1	0	1	1	0	1	0	1	0	1	1	0	1	1	0	1	0	1	1	0	1	1	0	1	1	0	0	1	0	0	0	1	1	1	1	1	1	1	1	0	1	0	1	1	0	1	1	1	
BEGmem1	6	1	0	1	1	1	1	1	1	1	1	1	1	0	1	0	0	1	0	0	1	1	1	1	0	1	0	1	1	0	1	0	1	1	1	1	1	0	1	1	1	1	1	1	0	0	1	0	0	1	1	0	1	1	1	1	1	1	1	1	1	1	0	0	0	1	1	1	1	1	0	1	1	0	1	1	0	1	0	1	0	1	1	1	0	1	1	1	0	1	0	0	1	1	1	1	1	0	0	1	0	0	1	0	0	1	1	1	0	1	1	0	0	0	1	0	1	1	1	1	
BEGmem5	6	1	0	1	1	1	1	1	0	1	1	1	1	0	1	0	0	1	0	1	1	1	1	1	1	1	0	1	1	1	1	0	1	1	1	1	1	0	1	1	0	1	1	1	1	1	1	1	1	1	1	0	1	1	1	1	1	1	1	1	1	1	0	0	0	1	1	1	1	1	0	1	1	0	1	1	0	1	0	1	0	1	1	0	1	1	1	1	0	1	0	0	1	1	0	1	1	0	0	1	0	0	1	0	1	1	1	1	1	1	1	0	1	0	0	1	0	1	1	1	
BOKmef1	7	1	0	1	1	1	1	1	1	1	1	1	1	0	1	1	0	1	0	1	1	1	1	1	1	1	0	1	1	1	1	0	1	1	1	1	1	0	1	1	1	1	1	1	0	0	1	1	1	1	1	0	1	1	1	1	1	1	1	1	1	1	0	0	0	1	1	1	1	1	0	1	1	0	1	1	0	1	0	1	0	1	1	1	0	1	0	1	0	1	0	0	1	1	0	1	1	0	0	1	0	0	0	1	1	1	1	1	1	1	0	0	0	0	0	1	0	0	1	1	
BOKmef2	7	1	0	1	1	1	1	1	1	1	1	1	1	0	1	1	0	1	0	1	1	1	1	1	0	1	0	1	1	1	1	0	1	1	1	1	1	0	1	1	1	1	1	1	0	0	1	1	1	0	1	0	1	1	1	1	1	1	1	1	1	1	0	0	0	1	1	1	1	1	0	1	1	0	1	1	0	0	1	1	1	1	1	1	0	1	0	1	0	1	1	0	1	1	0	1	1	0	0	1	0	1	0	1	1	1	1	1	1	1	1	0	1	0	1	1	0	1	1	1	
BOLmef1	8	1	0	1	1	1	1	1	1	1	1	1	1	0	1	0	0	1	0	1	1	1	1	1	1	1	0	1	1	1	1	0	1	1	1	1	1	0	1	1	1	0	1	1	0	0	0	1	1	1	1	0	1	1	1	1	1	1	1	1	1	1	0	0	0	1	1	1	1	1	0	1	1	0	1	1	1	1	0	1	0	1	1	0	1	1	0	1	0	1	0	0	1	1	0	1	1	0	0	1	0	0	1	0	1	1	1	1	1	0	1	0	1	1	1	1	1	1	1	1	
BOLmef3	8	1	0	1	1	1	1	1	1	1	1	1	1	0	0	0	0	1	0	1	1	1	1	1	1	1	0	1	1	1	1	0	1	1	1	1	1	0	1	1	1	0	1	1	0	0	0	1	1	1	1	0	1	1	1	1	1	1	1	1	1	1	0	0	0	1	1	1	1	1	0	1	1	0	1	1	0	1	0	1	0	1	1	0	1	1	1	1	0	1	0	0	1	1	0	1	1	0	0	1	0	0	1	0	1	1	1	1	1	1	1	1	0	1	1	1	1	1	1	1	
BOLmef4	8	1	0	1	1	1	1	1	1	1	1	1	1	0	0	0	0	1	0	1	1	1	1	1	1	1	0	1	1	1	1	0	1	1	1	1	0	0	1	1	1	0	1	1	0	0	0	1	1	1	1	0	1	1	1	1	1	1	1	1	1	1	1	1	0	1	1	1	1	1	0	1	1	0	1	1	0	1	0	1	0	1	1	1	0	1	0	1	0	1	0	0	1	1	0	1	1	0	0	1	0	0	1	0	1	1	1	1	1	1	1	0	0	0	1	1	0	1	1	1	
BOVmef1	9	1	0	1	0	1	1	1	1	1	1	1	1	0	1	0	0	1	0	1	1	1	1	1	0	0	0	1	1	1	1	0	1	1	1	1	0	0	1	1	1	1	1	1	0	0	1	1	1	0	1	0	1	1	1	1	1	1	1	1	1	1	0	0	0	1	1	1	1	1	0	1	1	0	1	1	0	1	0	1	0	1	1	1	0	1	0	1	0	1	0	0	1	1	0	1	1	0	0	1	0	0	1	1	1	1	1	1	1	1	1	0	1	1	1	1	0	1	1	1	
BOVmef2	9	1	0	1	0	1	1	1	1	1	1	1	1	0	1	0	0	1	0	0	1	1	1	1	0	1	0	1	1	1	1	0	1	1	1	1	1	0	1	1	1	1	0	1	0	1	1	1	0	0	1	0	1	1	1	1	1	1	1	1	1	1	0	0	0	1	1	1	1	1	0	1	1	0	1	1	0	1	0	1	1	1	1	1	0	1	1	1	0	1	0	0	1	1	0	1	1	0	0	1	0	0	0	1	1	1	1	1	1	1	1	0	1	1	1	1	0	1	1	1	
BOVmef3	9	1	0	1	1	1	1	1	1	1	1	1	1	0	1	0	0	1	0	1	1	1	1	1	1	1	0	1	1	0	1	0	1	1	1	1	1	0	1	1	1	0	1	1	0	1	1	1	1	0	1	1	1	1	1	1	1	1	1	1	1	1	0	0	0	1	1	1	1	1	0	1	1	0	1	1	0	1	0	1	0	1	1	1	0	1	1	1	0	1	0	0	1	1	1	1	1	0	0	1	0	0	0	1	1	1	1	1	1	1	1	0	0	0	0	1	1	1	1	1	
BOVmem1	9	1	0	1	0	1	1	1	1	1	1	1	1	0	1	0	0	1	0	1	1	1	1	1	1	1	0	1	1	0	1	0	1	1	1	1	1	0	1	1	1	1	1	1	0	1	1	1	1	1	1	1	1	1	1	1	1	1	1	1	1	1	1	1	0	1	1	1	1	1	0	1	1	0	1	1	0	0	0	1	1	0	1	1	0	1	0	1	0	1	0	0	1	1	1	1	1	0	0	1	0	0	0	1	1	1	1	1	1	1	1	0	1	0	1	1	0	1	1	1	
CAPmef2	10	1	1	1	1	1	1	1	1	1	0	1	0	0	1	0	0	1	0	0	1	1	1	1	0	0	0	1	1	1	1	0	1	1	0	1	1	0	1	1	1	1	1	1	0	0	1	1	0	0	1	0	1	1	1	1	1	1	1	1	1	1	0	0	0	1	0	1	1	1	0	1	1	0	1	1	0	1	0	1	0	1	0	1	0	1	0	1	0	1	0	0	0	1	1	0	1	0	0	1	0	0	1	0	1	1	1	1	1	1	1	0	0	0	0	1	0	0	1	1	
CAPmef7	10	1	0	1	1	1	1	1	1	1	1	1	1	0	1	0	0	1	0	1	1	1	1	1	1	1	0	1	1	1	1	0	1	1	1	1	1	0	1	1	1	1	1	1	0	0	0	1	1	0	1	0	1	1	1	1	1	1	1	1	1	1	1	1	0	1	1	1	1	1	0	1	1	0	1	1	0	1	0	1	0	1	1	1	0	1	0	1	0	1	0	0	1	1	0	1	1	0	0	1	0	0	1	0	1	1	1	1	1	1	1	1	0	0	1	1	1	1	1	1	
CAPmem1	10	1	0	1	1	1	1	1	1	1	1	1	1	0	1	0	0	1	0	0	1	1	1	1	1	1	0	1	1	1	1	0	1	1	1	0	1	0	1	1	1	0	0	1	0	1	1	1	1	1	1	0	1	1	0	1	1	0	1	1	1	1	0	0	0	1	1	1	1	1	0	1	1	0	1	1	0	1	0	1	1	1	1	1	0	1	0	1	0	1	0	0	1	1	0	1	1	0	0	0	0	0	0	1	1	1	1	1	1	1	1	0	1	0	0	1	0	1	1	1	
CAPmem2	10	1	0	1	1	0	1	1	1	1	1	1	1	0	0	0	0	1	0	1	1	1	1	1	1	1	0	1	1	1	1	0	1	1	1	0	1	0	1	1	1	0	1	1	0	0	1	1	1	1	1	0	1	1	0	1	1	1	1	1	1	1	0	0	0	1	1	1	1	1	0	1	1	0	1	1	0	1	0	1	1	1	1	1	0	1	0	1	0	1	0	0	1	1	0	1	1	0	0	0	0	0	0	1	1	1	1	1	1	1	1	0	1	0	0	1	0	1	1	1	
CASmef1	11	1	0	1	1	1	1	1	1	1	1	1	1	0	0	0	1	1	0	1	1	1	1	1	1	1	0	1	1	1	1	0	1	1	0	1	1	0	1	0	1	0	1	1	0	0	0	1	1	1	1	0	1	1	0	1	1	1	1	1	1	1	0	0	0	1	1	1	1	1	0	1	1	0	1	1	0	1	0	1	0	1	1	0	1	1	0	1	0	1	0	0	1	1	0	1	1	0	0	1	1	0	1	0	1	1	1	1	1	1	1	0	0	0	1	1	0	1	1	1	
CASmef2	11	1	0	1	1	1	1	1	1	1	1	1	1	0	1	0	0	1	0	1	1	1	1	1	1	1	0	1	1	1	1	0	1	1	1	1	1	0	1	1	1	0	1	1	1	0	0	1	1	1	1	0	1	1	1	1	1	1	1	1	1	1	0	0	0	1	1	1	1	1	0	1	1	0	1	1	0	1	0	1	0	1	0	0	1	1	0	1	0	1	0	0	1	1	1	1	1	0	0	1	0	0	1	0	1	1	1	1	1	1	1	0	1	0	1	1	0	1	1	1	
CASmef3	11	1	0	1	1	1	1	1	1	1	1	1	1	0	0	0	0	1	1	1	1	1	1	1	1	1	0	1	1	1	1	0	1	1	1	1	1	0	1	0	1	0	1	1	0	0	0	1	1	1	1	0	1	1	1	1	1	1	1	1	1	1	0	0	0	1	1	1	1	1	0	1	1	0	1	1	0	1	0	1	0	1	1	1	1	1	1	1	0	1	0	0	1	1	0	1	1	0	1	1	0	0	1	0	1	1	1	1	1	1	1	0	0	1	1	1	0	1	1	1	
CASmem1	11	1	0	1	1	1	1	1	1	1	1	1	1	0	1	0	0	1	0	1	1	1	1	1	1	1	0	1	1	1	1	0	1	1	1	1	1	0	1	1	1	0	1	1	0	0	0	1	1	1	1	0	1	1	1	1	1	1	1	1	1	1	0	0	0	1	1	1	1	1	0	1	1	0	1	1	0	1	0	1	0	1	1	0	1	1	1	1	0	1	0	0	1	1	0	1	1	0	0	1	0	0	1	0	1	1	1	1	1	1	1	1	0	1	1	1	0	1	1	1	
CASmem2	11	1	0	1	1	1	1	1	1	1	1	1	1	0	1	0	0	1	0	1	1	1	1	1	1	1	1	1	1	1	1	0	1	1	1	1	1	0	1	1	1	0	1	1	0	0	0	1	1	1	1	0	1	1	1	1	1	1	1	1	1	1	0	0	0	1	1	1	1	1	0	1	1	0	1	1	0	1	0	1	0	1	1	0	1	1	1	1	0	1	0	1	0	1	0	1	1	0	0	1	0	0	1	0	1	1	1	1	1	1	1	0	0	1	1	1	0	1	1	1	
CUEmef1	12	1	0	1	0	1	1	1	1	1	1	1	1	0	0	0	0	1	0	1	1	1	1	1	1	1	0	1	1	1	1	0	1	1	1	1	1	0	1	1	1	0	1	1	0	0	0	1	1	1	1	0	1	1	1	1	1	1	1	1	1	1	0	0	0	1	1	1	1	1	0	1	1	0	1	1	0	1	0	1	0	1	1	0	1	1	0	1	0	1	0	0	1	1	0	1	1	0	0	1	0	0	1	0	1	1	1	1	1	1	1	0	0	1	1	1	0	1	1	1	
CUEmef2	12	1	0	1	1	1	1	1	1	1	1	1	1	0	1	0	0	1	1	1	1	1	1	1	1	1	0	1	1	1	1	0	1	1	1	1	1	0	1	1	1	0	1	1	0	0	0	1	1	1	1	0	1	1	1	1	1	1	1	1	1	1	0	0	0	1	1	1	1	1	0	1	1	0	1	1	0	1	0	1	0	1	1	0	1	1	0	1	0	1	0	0	1	1	0	1	1	0	0	1	0	0	1	0	1	1	1	1	1	1	1	0	0	0	0	1	1	1	1	1	
CUEmef3	12	1	0	1	1	1	1	1	1	1	1	1	1	0	1	0	0	1	0	1	1	1	1	1	1	0	0	1	1	1	1	0	1	1	1	1	1	0	1	1	1	0	1	1	0	0	0	1	1	1	1	0	1	1	1	1	1	1	1	1	1	0	0	0	0	1	1	1	1	1	0	1	1	0	1	1	0	1	0	1	0	1	1	0	1	1	0	1	0	1	0	1	0	0	0	1	1	0	0	1	0	0	1	0	1	1	1	1	1	1	1	0	0	0	1	1	0	1	1	1	
CUEmef4	12	1	0	1	1	1	1	1	1	1	1	1	1	0	1	0	0	1	0	1	1	1	1	1	1	0	0	1	1	1	1	0	1	1	1	1	1	0	1	1	1	0	1	1	1	0	0	1	1	1	1	0	1	1	1	1	1	1	1	1	1	1	0	0	0	1	1	1	1	1	0	1	1	0	1	1	0	1	0	1	0	1	1	0	1	1	0	1	0	1	0	0	1	1	0	1	1	0	0	1	0	0	1	0	1	1	1	1	1	1	1	0	0	1	1	1	0	1	1	1	
DESmef1	13	1	0	1	1	1	1	1	1	1	1	1	1	0	1	0	1	1	0	1	1	1	1	1	1	1	0	1	1	1	1	0	1	1	1	1	1	0	1	1	1	1	1	1	0	0	1	1	1	0	1	0	1	1	1	1	1	1	1	1	1	1	1	0	0	1	1	1	1	1	0	1	1	1	1	1	0	1	0	1	0	1	1	1	0	1	1	0	0	1	0	0	1	1	0	1	1	0	0	1	0	0	1	0	1	1	1	1	1	1	1	0	1	0	0	1	0	1	1	1	
DESmef2	13	1	0	1	1	1	1	1	1	1	1	1	1	0	1	1	1	1	0	1	1	1	1	1	1	1	0	1	1	1	1	0	1	1	1	1	1	0	1	1	1	0	1	1	0	0	1	1	1	1	1	0	1	1	1	1	1	1	1	1	1	1	0	0	0	1	1	1	1	1	0	1	1	1	1	1	0	1	0	1	1	1	1	1	0	1	0	1	0	1	1	0	0	1	0	1	1	0	0	1	1	0	0	1	1	1	1	1	1	1	1	0	1	0	0	1	0	1	1	1	
DESmef3	13	1	0	1	1	1	1	1	1	1	1	1	1	0	1	0	0	1	0	1	1	1	1	1	0	1	1	0	1	1	1	0	1	1	1	1	1	0	1	1	1	0	1	1	0	1	0	1	1	1	1	0	1	1	1	1	1	1	1	1	1	1	0	0	0	1	1	1	1	1	0	1	1	0	1	1	0	1	0	1	0	1	0	1	1	1	1	0	0	1	1	0	1	1	0	1	1	0	0	1	0	0	1	0	1	1	1	1	1	1	1	0	1	0	0	1	0	1	1	1	
DESmem1b	13	1	0	1	1	1	1	1	1	1	1	1	1	0	1	0	0	1	0	1	1	1	1	1	1	1	0	1	1	1	1	0	1	1	1	1	1	0	1	1	1	1	1	1	0	0	1	1	1	1	1	0	1	1	1	1	1	1	1	1	1	1	1	1	0	1	1	1	1	1	0	1	1	1	1	1	0	1	0	1	1	1	1	1	0	1	1	0	0	1	0	0	1	1	0	1	1	0	0	1	0	0	0	1	1	1	1	1	1	1	1	0	1	0	0	1	0	1	1	1	
DESmem2	13	1	0	1	1	1	1	1	1	1	1	1	1	0	1	0	0	1	0	1	1	1	1	1	1	1	0	1	1	1	1	0	1	1	1	1	1	0	1	1	1	0	1	1	0	1	1	1	1	1	1	0	1	0	1	1	1	1	1	1	1	1	1	1	0	1	1	1	1	1	0	1	1	0	1	1	0	1	0	1	1	1	1	0	1	1	0	1	0	1	0	0	1	1	0	1	1	0	0	1	0	0	0	1	1	1	1	1	1	1	1	1	1	0	1	1	0	1	1	1	
DIOmef1	14	1	0	1	1	1	1	1	1	1	1	1	1	0	1	0	0	1	0	1	1	1	1	1	1	1	0	1	1	1	1	0	1	1	1	1	1	0	1	1	1	1	1	0	1	1	1	1	1	1	1	0	1	1	1	1	1	1	1	1	1	1	0	0	0	1	1	1	1	1	0	1	1	1	1	0	0	1	0	1	0	1	1	0	1	1	0	1	0	1	0	0	1	1	0	1	1	0	0	1	0	0	0	1	1	1	1	1	1	1	1	0	1	0	1	1	0	1	1	1	
DIOmef3	14	1	0	1	1	1	1	1	1	1	1	1	1	0	1	1	1	1	0	1	1	1	1	1	1	1	0	1	1	1	1	0	1	1	1	1	1	0	1	1	1	0	1	1	0	1	1	1	1	0	1	0	1	1	1	1	1	1	1	1	1	1	1	0	0	1	1	1	1	1	0	1	1	0	1	0	0	1	0	1	0	1	1	1	0	1	1	1	0	1	0	0	1	1	0	1	1	0	0	1	0	0	1	0	1	1	1	1	1	1	1	0	1	0	1	1	0	1	1	1	
DIOmef4b	14	1	0	1	1	1	1	1	1	1	1	1	1	0	1	0	0	1	0	1	1	1	1	1	1	1	0	1	1	1	1	0	1	1	1	1	1	0	1	1	1	1	1	1	0	1	1	1	1	1	1	0	1	1	1	1	1	1	1	1	1	1	1	0	0	1	1	1	1	1	0	1	1	1	1	1	0	1	0	1	1	1	1	1	0	1	0	1	0	1	1	0	1	1	0	1	1	0	0	1	0	0	1	0	1	1	1	1	1	1	1	0	0	0	0	1	0	1	1	1	
DIOmef5	14	1	0	1	1	1	1	1	1	1	1	1	1	0	1	0	0	1	0	1	1	1	1	1	1	1	0	1	1	1	1	0	1	1	1	1	0	0	1	1	1	0	1	1	0	0	1	1	1	0	1	0	1	1	1	1	1	1	1	1	1	1	1	0	0	1	1	1	1	1	0	1	1	1	1	1	1	1	0	1	1	1	1	1	0	1	0	1	1	1	0	0	1	1	0	1	1	0	0	1	1	0	1	0	1	1	1	1	1	1	1	0	0	1	1	1	0	1	1	1	
DIPmef1	15	1	0	1	1	1	1	1	1	1	1	1	1	0	1	0	0	1	0	1	1	1	1	1	1	1	0	1	1	1	1	0	1	1	1	1	1	0	1	1	1	1	1	1	0	0	0	1	1	1	1	0	1	1	1	1	1	1	1	1	1	1	1	0	0	1	1	1	1	1	0	1	1	0	1	1	0	1	0	1	1	0	1	1	1	1	0	1	0	1	0	0	1	1	0	1	1	0	0	1	0	0	1	0	1	1	1	1	1	1	1	0	0	1	0	1	0	1	1	1	
DIPmef2	15	1	0	1	1	1	1	1	1	1	1	1	1	0	1	0	0	1	0	0	1	1	1	1	0	1	0	1	1	1	1	0	1	1	1	1	1	0	1	1	1	0	1	1	0	1	1	1	1	1	1	0	1	1	1	1	1	1	1	1	1	1	0	0	0	1	1	1	1	1	0	1	1	0	1	1	0	1	0	1	1	1	1	0	1	1	1	0	0	1	0	0	1	1	0	1	1	0	0	1	0	0	1	0	1	1	1	1	1	1	1	0	0	0	0	1	0	1	1	1	
DIPmef3	15	1	0	1	1	1	1	1	1	1	1	1	1	0	1	0	0	1	0	1	1	1	1	1	1	1	1	0	1	1	1	0	1	1	1	1	1	0	1	1	1	0	1	1	0	0	1	1	1	0	1	0	1	1	1	1	1	1	1	1	1	1	0	0	0	1	1	1	1	1	0	1	1	0	1	1	0	1	0	1	1	1	1	1	0	1	1	1	1	1	0	0	1	1	0	1	1	0	0	1	0	0	1	0	1	1	1	1	1	1	1	0	1	0	0	1	0	1	1	1	
DIPmef4	15	1	1	1	0	1	1	1	1	1	1	1	1	0	1	0	0	1	0	0	1	1	1	1	1	1	0	1	1	1	1	0	1	1	1	1	1	0	1	1	1	0	1	1	0	1	1	1	1	1	1	0	1	1	0	1	1	0	1	1	1	1	1	0	0	1	1	1	1	1	0	1	1	0	1	0	0	1	0	1	0	1	1	1	0	1	0	1	0	1	0	0	1	1	0	1	1	0	0	1	0	0	0	1	1	1	1	1	1	1	1	0	0	0	1	1	0	1	1	1	
DIPmem1	15	1	0	1	1	1	1	1	1	1	1	1	1	0	1	0	0	1	0	1	1	1	1	1	0	1	0	1	1	1	1	0	1	1	1	1	0	0	1	1	1	1	1	1	0	0	1	1	1	1	1	0	1	1	1	1	1	1	1	1	1	1	0	0	0	1	1	1	1	1	0	0	1	1	1	1	0	1	0	1	0	1	1	1	0	1	1	1	0	1	1	0	1	1	0	1	1	0	1	1	0	0	1	0	1	1	1	1	1	1	1	0	1	0	0	1	0	1	1	1	
DOMmef1	16	1	0	1	1	1	1	1	1	1	1	1	1	0	1	0	0	1	0	1	1	1	1	1	1	1	0	1	1	1	1	0	1	1	1	1	1	0	1	1	1	0	1	1	0	1	1	1	1	1	1	0	1	1	1	1	1	1	1	1	1	1	0	0	0	1	1	1	1	1	0	1	1	0	1	0	0	1	0	1	1	1	1	1	0	1	0	1	0	1	1	0	1	1	0	1	1	0	0	1	1	0	1	0	1	1	1	1	1	1	1	0	1	0	1	1	0	1	1	1	
DZEmef1	17	1	0	1	1	1	1	1	0	1	1	1	1	0	1	0	1	1	0	1	1	1	1	1	1	1	0	1	1	1	1	1	1	1	1	1	1	0	1	1	1	0	1	1	1	0	1	1	1	1	1	0	1	1	0	1	1	1	1	1	1	1	0	0	0	1	1	1	1	1	0	1	1	1	1	1	0	1	0	1	0	1	1	1	0	1	1	1	0	1	0	0	1	1	1	1	1	0	0	1	0	0	1	0	0	1	1	1	1	1	1	0	0	0	1	1	0	1	1	1	
DZEmef2	17	1	0	1	1	1	1	1	1	1	1	1	1	0	1	0	0	1	0	1	1	1	1	1	1	1	0	1	1	1	1	0	1	1	1	1	1	0	1	1	1	0	1	1	1	1	1	1	1	0	1	0	1	1	1	1	1	1	1	1	1	1	1	1	0	1	1	1	1	1	0	1	1	1	1	1	0	1	0	1	1	1	1	1	1	1	1	0	0	1	1	0	1	1	0	1	1	0	0	1	0	0	1	0	1	1	1	1	1	1	1	0	1	0	1	1	0	1	1	1	
DZEmef3	17	1	0	1	1	1	1	1	1	1	1	1	1	0	1	1	0	1	0	1	1	1	1	1	1	1	0	1	1	0	1	0	1	1	1	1	1	0	1	1	1	1	0	1	0	1	1	1	1	1	1	0	1	1	1	0	1	1	0	1	1	1	1	0	0	1	1	1	1	1	0	1	1	1	1	1	0	1	0	1	1	1	1	1	0	1	1	1	0	1	1	1	1	1	1	1	1	0	0	1	0	1	1	0	1	1	1	1	1	1	1	0	1	0	1	0	0	1	1	1	
DZEmef4	17	1	0	1	1	1	1	1	1	1	1	1	1	0	1	1	1	1	0	1	1	1	1	1	1	1	0	1	1	1	1	0	1	1	1	1	1	0	1	1	1	0	1	1	0	0	1	1	1	1	1	0	1	1	1	1	1	1	1	1	1	1	0	0	0	1	1	1	1	1	0	1	1	1	1	1	0	1	0	1	1	1	1	1	0	1	0	1	0	1	1	0	1	1	0	1	1	0	0	1	0	0	1	0	1	1	1	1	1	1	1	0	1	0	0	1	0	1	1	1	
DZEmem1	17	1	0	1	1	1	1	1	1	1	1	1	1	0	1	0	0	1	0	1	1	1	1	1	0	1	0	1	1	1	1	0	1	1	1	1	1	0	1	1	1	0	1	1	0	1	1	1	1	1	1	0	1	1	1	1	1	1	1	1	1	1	1	1	0	1	1	1	1	1	0	1	1	1	1	1	0	1	0	1	1	1	1	1	1	1	1	1	0	1	0	0	0	1	0	1	1	0	0	1	0	0	0	1	1	1	1	1	1	1	1	0	1	1	0	1	0	1	1	1	
GJEmef2	18	1	0	0	0	1	1	1	1	1	1	1	1	0	1	0	0	1	0	1	1	1	1	1	1	0	1	0	1	1	0	0	1	1	1	1	1	0	1	1	1	0	1	1	0	1	1	1	1	1	1	0	1	1	1	1	1	1	1	1	1	1	0	0	0	1	1	1	1	1	0	1	1	0	1	1	0	1	0	1	1	1	1	1	0	1	1	1	0	1	0	0	1	1	0	1	1	0	0	1	0	0	0	1	0	1	1	1	1	1	1	0	1	0	0	1	0	1	1	1	
GJEmef3	18	1	0	1	1	1	1	1	1	1	1	1	1	0	1	0	0	1	0	1	1	1	1	1	0	1	0	1	1	1	1	0	1	1	1	1	1	0	1	1	1	0	1	1	0	1	0	1	1	1	1	0	1	1	1	1	1	1	1	1	1	1	1	1	0	1	1	1	1	1	0	1	1	0	1	1	0	1	0	1	1	1	1	1	0	1	0	1	0	1	1	0	0	1	0	1	1	0	0	1	0	0	1	0	1	1	1	1	1	1	1	0	1	0	1	1	0	1	1	1	
GJEmem7	18	1	1	1	1	1	1	1	1	1	1	1	1	0	0	0	0	1	1	1	1	1	1	1	1	1	0	1	1	1	1	0	0	1	1	1	1	0	1	1	1	1	1	1	0	1	1	1	1	1	1	0	1	1	1	1	1	1	1	1	1	1	1	1	0	0	1	1	1	1	0	1	1	0	1	1	0	1	0	0	1	1	1	1	1	1	1	1	0	1	0	0	1	1	0	1	1	0	0	1	0	1	1	0	1	1	1	1	1	1	1	0	1	0	0	1	0	1	1	1	
GJEmem8	18	1	0	1	1	1	1	1	1	1	1	1	1	0	1	1	0	1	0	1	1	1	1	1	0	1	0	1	1	1	1	0	1	1	1	1	0	0	1	1	1	0	1	1	0	0	1	1	1	1	1	0	1	1	1	1	1	1	1	1	1	1	0	0	0	1	1	1	1	1	0	1	1	0	1	1	0	1	0	1	1	1	0	1	0	1	1	1	0	1	1	0	1	1	0	1	1	0	0	1	0	0	1	0	1	1	1	1	1	1	1	0	1	0	1	1	0	1	1	1	
HAJmem1	19	1	0	1	1	1	1	1	1	1	1	1	1	0	1	0	0	1	0	1	1	1	1	1	0	1	0	1	1	1	1	0	1	1	1	1	1	0	1	1	1	0	1	1	0	1	1	1	1	1	1	0	1	1	1	1	1	0	1	1	1	1	0	0	0	1	1	1	1	1	0	1	1	1	1	0	0	1	0	1	0	1	1	1	0	1	0	1	0	1	0	0	1	1	0	1	1	0	0	1	0	0	0	1	1	1	1	1	1	1	1	0	1	0	1	1	0	1	1	1	
HAJmem2	19	1	0	1	1	1	1	1	1	1	1	1	1	0	1	0	0	1	0	1	1	1	1	1	1	1	0	1	1	1	1	0	1	1	1	1	1	0	1	1	1	0	1	1	0	1	1	1	1	1	1	0	1	1	1	1	1	1	1	1	1	1	0	0	0	1	1	1	1	1	0	1	1	1	1	1	0	1	0	1	1	1	1	1	0	1	0	1	0	1	0	0	1	1	0	1	1	0	0	1	1	0	0	1	1	1	1	1	1	1	1	0	1	0	1	1	0	1	1	1	
HODmef1	20	1	0	1	1	1	1	1	1	1	1	1	1	0	1	0	0	1	0	1	1	1	1	1	1	1	1	1	1	1	1	0	1	1	1	1	1	0	1	1	1	0	1	1	0	1	1	1	1	0	1	0	1	1	1	1	1	1	1	1	1	1	0	0	0	1	1	1	1	1	0	1	1	0	1	1	0	0	1	1	0	1	1	1	0	1	0	1	0	1	0	0	1	1	0	1	1	0	0	1	0	0	0	1	1	1	1	1	1	1	1	0	1	0	1	1	1	1	1	1	
HODmef2	20	1	0	1	1	1	1	1	1	1	1	1	1	0	1	0	0	1	1	0	1	1	1	1	1	1	0	1	1	1	1	0	1	1	1	1	1	0	1	1	1	0	1	1	0	1	1	1	1	0	1	0	1	1	1	1	1	1	1	1	1	1	0	0	0	1	1	1	1	1	0	1	1	1	1	1	0	0	0	1	1	1	1	1	1	1	0	1	0	1	1	0	1	1	0	1	1	0	0	1	0	1	1	0	1	1	1	1	1	1	1	0	1	0	0	1	0	1	1	1	
HODmef3b	20	1	0	1	1	1	1	1	1	1	1	1	1	0	1	0	0	1	0	1	1	1	1	1	0	1	1	1	1	1	1	0	1	1	1	1	1	0	1	1	1	0	1	1	0	0	1	1	1	0	1	0	1	1	1	1	1	1	1	1	1	1	0	0	0	1	1	1	1	1	0	1	1	1	1	1	0	1	0	1	1	1	1	1	1	1	1	1	0	1	0	0	1	1	0	1	1	0	0	1	0	0	0	1	1	0	1	1	1	1	1	0	1	0	1	1	0	1	1	1	
HODmef4	20	1	0	1	1	1	1	1	1	1	1	1	1	0	1	1	0	1	1	1	1	1	1	1	0	1	0	1	1	1	1	0	1	1	1	1	1	0	1	1	1	1	1	1	0	0	1	1	1	0	1	0	0	1	1	1	0	1	1	0	1	1	0	0	0	1	0	1	1	0	0	1	1	1	1	1	0	0	0	1	1	0	1	1	0	1	0	1	0	1	0	0	1	1	0	1	1	0	0	1	0	0	1	0	1	0	1	1	1	1	1	0	0	0	0	1	0	0	1	0	
HOLmef1	21	1	0	1	1	1	1	1	1	1	0	1	1	0	1	0	0	1	0	1	1	1	1	1	0	1	0	1	1	1	1	0	1	1	0	1	1	0	1	1	1	0	1	1	0	1	1	1	1	1	1	0	1	1	1	1	1	1	1	1	1	1	0	0	0	1	1	1	1	1	0	1	1	0	1	1	0	1	0	1	0	1	1	1	0	1	1	1	0	1	0	0	1	1	0	1	1	0	0	1	0	0	0	1	1	1	1	1	1	1	1	0	1	0	0	1	0	1	1	1	
HOLmef3	21	1	0	1	1	1	1	1	1	1	1	1	1	0	1	0	0	1	0	1	1	1	1	1	1	1	0	1	1	1	1	0	1	1	1	1	1	0	1	1	1	0	1	0	1	1	1	1	1	1	1	0	1	1	1	1	1	1	1	1	1	1	0	0	0	1	1	1	1	1	0	1	1	0	1	0	0	1	0	1	1	1	1	1	0	1	1	1	0	1	0	0	1	1	0	1	1	0	0	1	0	0	1	0	1	1	1	1	1	1	1	0	1	0	1	1	0	1	1	1	
HOSmef1	22	1	0	1	1	1	1	1	1	1	1	1	1	0	1	0	0	1	0	1	1	1	1	1	1	1	0	1	1	1	1	0	1	1	1	1	1	0	1	1	1	0	1	1	0	0	1	1	1	1	1	0	1	1	1	1	1	1	1	1	1	1	1	1	0	1	1	1	1	1	0	1	1	0	1	1	0	1	0	1	0	1	1	1	0	1	0	1	0	1	0	0	1	1	0	0	1	0	0	1	0	0	0	1	1	1	1	1	1	1	1	0	0	0	0	1	0	1	1	1	
HOSmef2	22	1	0	1	1	1	1	1	1	1	1	1	1	0	1	1	1	1	0	1	1	1	1	1	1	1	0	1	1	1	1	0	1	1	1	1	1	0	1	1	1	0	1	1	0	0	1	1	1	1	1	0	1	1	1	1	1	1	1	1	1	1	0	0	0	1	1	1	1	1	0	1	1	0	1	1	0	1	0	1	0	1	1	1	0	1	0	1	0	1	0	0	1	1	0	1	1	0	0	1	0	0	1	0	1	1	1	1	1	1	1	0	1	0	0	1	0	1	1	1	
HOSmef3	22	1	0	1	1	1	1	1	1	1	1	1	1	0	1	0	0	1	0	1	1	1	1	1	0	1	1	1	1	1	1	0	1	1	1	1	1	0	1	1	1	1	1	1	0	0	0	1	1	1	1	0	1	1	1	1	1	1	1	1	1	1	0	0	0	1	1	1	1	1	0	1	1	0	1	1	0	1	0	1	0	1	1	1	0	1	1	1	1	1	0	1	1	1	0	1	1	0	0	1	0	0	1	1	0	1	1	1	1	1	1	0	0	0	0	1	0	0	1	1	
HOSmef4	22	1	0	0	1	1	1	1	0	1	1	1	1	0	1	0	0	1	0	1	1	1	1	1	1	1	0	1	1	1	1	0	1	1	1	1	1	0	1	1	1	0	1	1	0	0	1	1	1	0	1	0	1	1	1	1	1	0	1	1	1	1	1	0	0	1	1	1	1	1	0	1	1	0	1	1	0	1	0	1	1	1	1	1	0	1	1	1	0	1	1	0	1	1	0	1	1	0	0	1	0	0	1	1	0	1	1	1	1	1	1	0	0	1	0	1	1	1	0	1	
HOSmef5b	22	1	0	1	1	1	1	1	1	1	1	1	1	0	1	1	1	1	0	1	1	1	1	1	1	1	0	1	1	1	1	0	1	1	1	1	0	0	1	1	1	0	1	1	0	1	1	1	1	1	1	0	1	1	1	1	1	1	1	1	1	1	0	0	0	1	1	1	1	1	0	1	1	0	1	1	0	0	1	1	1	1	1	1	0	1	1	1	0	1	0	1	1	1	1	1	1	0	0	1	0	0	1	0	1	1	1	1	1	1	1	0	1	0	1	1	0	1	1	1	
JUGmef1	23	1	0	1	1	1	1	1	1	1	1	1	1	0	1	0	0	1	0	1	1	1	1	1	1	1	0	1	1	1	1	0	1	1	1	1	1	0	1	1	1	0	1	1	0	0	0	1	1	1	1	0	1	1	1	1	1	1	1	1	1	1	0	0	0	1	1	1	1	1	0	1	1	0	1	1	0	1	0	1	1	1	1	1	1	1	0	1	0	1	0	0	1	1	1	1	1	0	0	1	0	1	1	0	1	1	1	1	1	1	1	1	0	0	1	1	0	1	1	1	
KBAmef1	24	1	0	1	1	1	1	1	0	1	1	1	1	0	1	0	0	1	0	0	1	1	1	1	1	1	1	1	1	1	1	0	1	1	1	1	1	0	1	1	1	0	1	1	0	0	1	1	1	0	1	0	1	1	1	1	1	1	1	1	1	1	1	1	0	1	1	1	1	1	0	1	1	0	1	1	0	1	0	1	0	1	1	1	0	1	1	1	0	1	0	0	1	1	0	1	1	0	0	1	0	0	1	0	1	1	1	1	1	1	1	0	0	0	0	1	0	1	1	1	
KBAmef2	24	1	1	1	1	1	1	1	1	1	1	1	1	0	1	0	0	1	0	1	1	1	1	1	1	1	0	1	1	1	1	0	1	1	1	1	1	0	1	1	1	1	1	1	0	1	1	1	1	1	1	0	1	1	1	1	1	1	1	1	1	1	0	0	0	1	1	1	1	1	0	1	1	0	1	1	0	1	0	1	1	1	0	1	0	1	0	1	0	1	1	0	1	1	0	1	1	0	0	1	0	0	1	0	0	1	1	1	1	1	1	0	1	0	0	1	0	1	1	1	
KBAmem1	24	1	0	1	1	1	1	1	1	1	1	1	1	0	1	0	0	1	0	1	1	1	1	1	0	1	1	1	1	1	1	0	1	1	1	1	1	0	1	1	1	0	1	1	0	1	1	1	1	1	1	0	1	1	1	1	1	1	1	1	1	1	0	0	0	1	1	1	1	1	0	1	1	1	1	0	1	1	0	1	1	1	0	1	0	1	1	0	0	1	0	0	1	1	0	1	1	0	0	1	0	0	0	1	1	1	0	1	1	1	1	0	1	0	1	1	0	1	1	1	
KBAmem2	24	1	0	1	1	0	1	1	1	1	1	1	1	0	1	0	0	1	1	1	1	1	1	1	1	1	1	1	1	1	1	0	1	1	1	1	1	0	1	1	1	1	1	1	0	1	1	1	1	1	1	0	1	1	1	1	1	1	1	1	1	1	1	1	0	1	1	1	1	1	0	1	1	0	1	0	0	1	0	1	1	1	1	1	1	1	0	1	0	1	0	0	1	1	0	1	1	0	0	1	0	0	1	0	1	1	1	1	1	1	1	0	1	0	0	1	0	1	1	1	
KETmef1	25	1	0	1	1	1	1	1	0	1	1	1	1	0	1	1	1	1	0	0	1	1	1	0	1	1	1	1	1	1	1	0	1	1	1	1	0	0	1	1	1	1	1	1	0	0	0	1	1	1	1	0	1	1	1	1	1	1	1	1	1	1	0	0	0	1	1	1	1	1	0	1	1	0	1	1	0	0	0	1	0	1	1	1	1	1	1	1	1	1	0	1	0	1	0	1	1	0	0	1	0	0	0	1	1	1	1	1	1	1	1	0	1	0	0	1	0	1	1	1	
KETmef2	25	1	0	1	1	1	1	1	0	1	1	1	1	0	1	1	0	1	0	0	1	1	1	1	0	1	0	1	1	1	1	0	1	1	1	1	0	0	1	1	1	0	0	1	0	0	1	1	0	1	1	0	1	1	1	1	1	1	1	1	1	1	1	1	0	1	1	1	1	1	0	1	1	0	1	1	0	1	0	1	1	1	1	1	0	1	0	1	0	1	1	0	1	1	0	1	1	0	0	1	0	0	0	1	1	1	1	0	1	1	1	0	1	0	1	1	0	1	1	1	
KETmef3	25	1	0	1	1	1	1	1	1	1	1	1	1	0	0	0	0	1	0	1	1	1	1	1	1	1	1	1	1	1	1	0	1	1	1	1	1	0	1	1	1	1	1	1	0	1	1	1	1	0	1	0	1	1	1	1	1	1	1	1	1	1	0	0	0	1	1	1	1	1	0	1	1	0	1	0	0	1	0	1	1	1	1	1	0	1	0	1	0	1	1	0	1	1	0	1	1	0	0	1	0	0	0	1	0	1	1	1	1	1	1	0	0	1	1	1	1	1	1	1	
KETmem1	25	1	0	1	1	1	1	1	1	1	1	1	1	0	1	0	1	1	0	1	1	1	1	1	1	1	0	1	1	1	1	0	1	0	1	1	1	0	1	1	1	0	1	1	0	0	1	1	1	1	1	0	1	1	1	1	1	1	1	1	1	1	1	0	0	1	1	1	1	1	0	1	0	0	1	1	0	1	0	1	0	1	1	1	0	1	0	1	0	1	1	0	1	1	1	1	1	0	0	1	0	0	1	0	1	1	1	1	1	1	1	0	1	0	1	1	1	1	1	1	
KETmem2	25	1	0	1	1	1	1	1	1	1	1	1	1	0	1	0	0	1	0	1	1	1	1	1	0	1	0	1	1	1	1	0	1	1	1	1	0	0	1	1	1	0	1	1	0	1	1	1	1	1	1	0	1	1	1	1	1	0	1	1	1	1	1	0	0	1	1	1	1	1	0	1	1	0	1	1	0	1	0	1	1	1	1	1	0	1	0	1	0	1	0	0	1	1	0	1	1	0	0	1	0	0	1	0	1	1	1	1	1	1	1	1	1	0	1	1	0	1	1	1	
KOZmef1	26	1	0	1	1	1	1	1	1	1	1	1	1	0	1	1	1	1	0	1	1	1	1	0	0	1	1	1	1	1	1	0	1	1	1	1	1	0	1	1	1	0	1	1	0	1	1	1	1	1	1	0	1	1	1	1	1	1	1	1	1	1	1	1	0	1	1	1	1	1	0	1	1	1	1	0	0	1	0	1	1	1	1	1	0	1	1	1	1	1	1	1	1	1	0	1	1	0	0	1	0	0	1	0	1	1	1	1	1	1	1	0	1	0	0	1	0	1	1	1	
KOZmef2	26	1	0	1	1	1	1	1	1	1	1	1	1	0	1	0	0	1	0	1	1	1	1	1	1	1	1	1	1	1	1	0	1	1	1	1	1	0	1	1	1	0	1	1	0	1	1	1	1	1	1	0	1	1	1	1	1	1	1	1	1	1	0	0	0	1	1	1	1	1	0	1	1	1	1	1	1	0	0	1	1	1	1	1	0	1	1	0	0	1	1	0	1	1	0	1	1	0	0	1	0	0	1	0	1	1	1	1	1	1	1	0	1	0	1	1	0	1	1	1	
KOZmef3	26	1	0	1	1	1	1	1	1	1	0	1	0	0	1	0	0	1	0	1	1	1	1	1	0	1	0	1	1	1	1	0	1	1	1	1	1	0	1	1	1	0	1	1	0	1	1	1	1	0	1	0	1	1	1	1	1	1	1	1	1	1	0	0	0	1	0	1	0	0	0	1	0	0	1	1	1	0	0	1	0	1	0	0	1	1	0	1	0	1	1	0	0	1	0	0	1	0	0	0	0	0	1	0	1	1	0	1	1	1	1	0	1	0	1	0	0	1	1	1	
KOZmef9	26	1	0	1	1	1	1	1	1	1	1	1	1	0	1	0	0	1	0	1	1	1	1	1	1	1	0	1	1	1	1	0	1	1	1	1	1	0	1	1	1	0	1	1	0	1	1	1	1	0	1	0	1	1	1	1	1	1	1	1	1	1	1	1	0	1	1	1	1	1	0	1	1	0	1	1	0	1	0	1	1	1	1	1	0	1	1	0	0	1	0	0	1	1	0	1	1	0	0	1	0	0	1	0	1	1	1	1	1	1	1	0	0	0	0	1	0	0	1	1	
KRUmef1	27	1	0	1	1	1	1	1	1	1	1	1	1	0	1	0	0	1	0	1	1	1	1	1	0	1	0	1	1	1	1	0	1	1	1	1	1	0	1	1	1	1	1	1	0	1	1	1	1	0	1	0	1	1	1	1	1	1	1	1	1	1	0	0	0	1	1	1	1	1	0	1	1	1	1	1	0	1	0	1	0	1	1	1	0	1	0	1	0	1	0	0	1	1	0	1	1	0	1	1	0	0	1	0	1	1	1	1	1	1	1	0	1	0	0	1	0	1	1	1	
KRUmef2	27	1	0	1	1	1	1	1	1	1	1	1	1	0	1	0	0	1	0	0	1	1	1	1	1	1	0	1	1	1	1	1	1	1	1	1	1	0	1	1	1	0	1	1	0	1	1	1	1	1	1	0	1	1	1	1	1	1	1	1	1	1	0	0	0	1	1	1	1	1	0	1	1	0	1	1	0	1	0	1	1	1	1	1	0	1	1	1	0	1	1	0	1	1	0	1	1	0	0	1	0	1	1	0	1	1	1	1	1	1	1	0	1	0	1	1	0	1	1	1	
KRUmef3	27	1	0	1	1	1	1	1	1	1	1	1	1	0	1	0	0	1	0	1	1	1	1	1	1	1	1	1	1	1	1	0	1	1	1	1	1	0	1	1	1	0	1	1	0	0	1	1	1	0	1	0	1	1	1	1	1	1	1	1	1	1	0	0	0	1	1	1	1	1	0	1	1	0	1	1	0	0	0	1	1	1	1	1	0	1	1	1	0	1	0	0	1	1	0	1	1	0	0	1	0	0	1	0	1	1	1	1	1	1	1	0	1	0	1	1	0	1	1	1	
LAUmem1	28	1	0	1	1	1	1	1	1	1	0	1	0	0	1	0	0	1	0	1	1	1	1	1	0	1	0	1	1	1	1	0	1	1	1	1	1	0	1	1	1	0	1	1	0	0	1	1	0	1	1	0	1	1	1	1	1	1	1	1	1	1	1	0	0	1	1	1	1	1	0	1	1	0	1	0	0	1	0	1	0	1	1	0	1	1	1	1	0	1	0	0	1	1	0	1	1	0	1	1	0	0	0	1	1	1	1	1	1	1	1	0	1	0	1	1	0	0	1	1	
LAUmem2	28	1	0	1	1	1	1	1	1	1	0	1	0	0	1	1	0	0	0	1	1	0	1	1	0	1	1	1	1	0	1	0	1	0	1	1	1	0	0	1	1	0	1	1	0	0	1	1	1	1	1	0	1	1	0	1	1	1	1	1	1	1	0	0	0	1	1	1	0	1	0	1	0	0	1	1	0	0	0	1	0	1	1	1	0	0	0	1	1	1	0	0	0	1	0	1	0	0	0	1	0	0	1	0	1	1	0	1	1	1	1	0	1	0	0	0	0	1	1	1	
LAUmem3	28	1	0	1	1	1	1	1	1	1	0	1	0	0	1	0	0	1	0	1	0	1	1	1	0	0	0	1	1	1	1	0	1	1	0	1	0	0	1	1	1	0	1	1	0	1	1	1	1	1	1	0	1	1	1	1	1	1	1	1	1	1	0	1	0	1	1	1	1	1	0	1	1	0	1	0	0	1	0	1	0	1	1	0	1	1	1	0	0	1	0	0	1	0	1	1	1	0	0	1	1	0	0	1	1	0	1	1	1	1	1	0	1	0	0	0	0	1	1	1	
LEMmef1b	29	1	1	1	1	1	1	1	1	1	1	1	1	0	1	1	1	1	0	1	1	1	1	1	1	1	0	1	1	1	1	0	1	1	1	1	1	0	1	1	1	1	1	1	0	0	1	1	1	0	1	0	1	1	1	1	1	1	1	1	1	1	1	1	0	1	1	1	1	1	0	1	1	0	1	1	0	1	0	1	1	1	1	1	1	1	1	1	0	1	1	0	1	1	0	1	1	0	0	1	0	0	1	0	1	1	1	1	1	1	1	0	1	0	0	0	0	1	1	1	
LEMmef2	29	1	0	1	1	1	1	1	1	1	1	1	1	0	1	0	1	1	0	1	1	1	1	1	1	1	0	1	1	1	1	0	1	1	0	1	1	0	1	1	1	1	1	1	0	0	0	1	1	0	1	0	1	1	1	1	1	1	1	1	1	1	1	1	0	1	1	1	1	1	0	1	1	0	1	1	0	1	0	1	0	1	1	1	0	1	1	1	0	1	0	0	1	1	0	1	1	0	0	1	0	0	1	0	1	1	1	1	1	1	1	0	1	0	1	1	0	1	1	1	
LEMmef3	29	1	0	1	1	1	1	1	1	1	1	1	1	0	1	0	0	1	0	1	1	1	1	1	1	1	1	1	1	1	1	0	1	1	1	1	1	0	1	1	1	0	1	1	0	0	1	1	1	0	1	0	1	1	1	1	1	1	1	1	1	1	0	0	0	1	1	1	1	1	0	1	1	0	1	1	0	1	0	1	0	1	1	1	0	1	1	1	0	1	0	0	1	1	0	1	1	0	0	1	1	0	1	0	1	1	1	1	1	1	1	1	1	0	1	1	0	1	1	1	
LJUmef10b	30	1	0	1	1	1	1	1	1	1	1	1	1	0	1	0	0	1	0	1	1	1	1	1	0	1	0	1	1	1	1	0	1	1	1	1	1	0	1	1	1	0	1	1	0	1	1	1	1	1	1	0	1	1	1	1	1	1	1	1	1	1	0	0	0	1	1	1	1	1	1	1	1	1	1	1	1	1	0	1	0	1	1	1	0	1	1	1	0	1	0	0	1	1	0	1	1	0	0	1	0	1	1	0	1	1	1	1	1	1	1	0	1	0	0	1	0	1	1	1	
LJUmef6b	30	1	0	1	1	1	1	1	1	1	1	1	1	0	1	0	0	1	0	1	1	1	1	1	1	1	0	1	1	1	1	0	1	1	1	1	1	0	1	1	1	1	1	1	0	1	1	1	1	0	1	0	1	1	1	1	1	1	1	1	1	1	0	0	0	1	1	1	1	1	0	1	1	1	1	1	0	1	0	1	1	1	1	1	0	1	1	1	0	1	1	0	1	1	0	1	1	0	0	1	0	0	1	0	1	1	1	1	1	1	1	0	1	0	0	1	0	1	1	1	
LJUmef7	30	1	0	1	1	1	1	1	1	1	1	1	1	0	1	1	1	1	0	1	1	1	1	1	1	1	0	1	1	0	1	0	1	0	1	1	0	0	1	1	1	1	1	1	0	1	1	1	1	0	1	0	1	1	1	1	1	1	1	1	1	1	0	0	0	1	1	1	1	1	0	1	1	0	1	1	1	1	0	1	0	1	1	0	1	1	0	1	1	1	1	0	0	1	0	1	1	0	0	1	1	0	1	0	1	1	1	1	1	1	1	0	1	0	0	1	0	1	1	1	
LJUmef8b	30	1	0	1	1	1	1	1	1	1	1	1	1	0	1	1	1	1	0	1	1	1	1	1	1	1	0	1	1	1	1	0	1	1	1	1	1	0	1	1	1	0	1	1	0	0	1	1	1	1	1	0	1	1	1	1	1	1	1	1	1	1	0	0	0	1	1	1	1	1	0	1	1	0	1	1	1	1	0	1	0	1	1	1	0	1	0	1	0	1	0	0	1	1	1	1	1	0	0	1	0	0	0	1	1	1	1	1	1	1	1	0	1	0	1	1	0	1	1	1	
LJUmef9	30	1	0	1	1	1	1	1	1	1	1	1	1	0	1	0	0	1	0	0	1	1	1	1	1	1	0	1	1	1	1	0	1	1	1	1	1	0	1	1	1	1	1	1	0	1	1	1	1	1	1	0	1	1	1	1	1	1	1	1	1	1	0	0	0	1	1	1	1	1	0	1	1	0	1	1	0	1	0	1	0	1	1	1	1	1	1	1	1	1	0	0	1	1	0	1	1	0	0	1	0	0	1	0	1	1	1	1	1	1	1	0	1	0	0	1	0	1	1	1	
MARmef1	31	1	0	1	1	1	1	1	1	1	1	1	1	0	1	0	0	1	0	1	1	1	1	1	1	1	1	1	1	1	1	1	1	1	1	1	1	0	1	1	1	0	1	1	0	0	0	1	1	0	1	0	1	1	1	1	1	1	1	1	1	1	0	0	0	1	1	1	1	1	0	1	1	0	1	1	0	1	0	1	1	1	1	1	0	1	1	1	0	1	0	1	1	1	0	1	1	0	0	1	0	1	1	0	1	1	1	1	1	1	1	1	1	0	0	1	0	1	1	1	
MARmef2	31	1	0	1	0	1	0	1	0	1	1	1	1	0	1	0	0	1	0	0	1	1	1	0	0	1	0	1	1	1	1	0	1	1	1	1	1	0	1	1	1	0	0	1	0	0	1	1	0	1	1	0	1	1	1	1	1	1	1	1	1	1	1	1	0	1	1	1	1	1	0	1	1	0	1	1	0	1	0	1	0	1	1	1	0	1	1	1	0	1	0	0	1	1	0	1	1	1	0	1	0	0	1	0	1	1	1	1	1	1	1	0	0	0	0	1	0	0	1	1	
MARmef3	31	1	0	1	1	1	1	1	1	1	1	1	1	0	1	1	0	1	0	1	1	1	1	1	0	1	0	1	1	1	1	0	1	1	1	1	1	0	1	1	1	1	1	1	0	0	1	1	1	1	1	0	1	1	1	1	1	1	0	1	1	1	1	1	0	1	1	1	1	1	0	1	1	1	1	0	0	1	0	1	0	1	1	1	1	1	1	1	0	1	1	0	1	1	0	1	1	0	0	1	0	0	1	0	1	1	1	1	1	1	1	0	1	0	1	1	0	1	1	1	
MARmef4	31	1	0	1	1	1	1	1	1	1	1	1	1	0	1	0	0	1	0	1	1	1	1	1	1	1	0	1	1	1	1	0	1	1	1	1	1	0	1	1	1	0	1	1	0	0	1	1	1	0	1	0	1	1	1	1	1	1	1	1	1	1	0	0	0	1	1	1	1	1	0	1	1	1	1	1	0	1	0	1	1	1	1	0	1	1	1	1	0	1	0	0	1	1	0	1	1	0	0	1	0	0	0	1	1	1	1	1	1	1	1	0	0	1	1	1	0	1	1	1	
MARmem1	31	1	0	1	1	1	1	1	1	1	1	1	1	0	1	1	0	1	0	1	1	1	1	1	1	1	0	1	1	1	1	0	1	1	1	1	0	0	1	1	1	1	0	1	0	0	1	1	0	1	1	0	1	1	1	1	1	1	1	1	1	1	1	1	0	1	1	1	1	1	0	1	1	0	1	1	0	1	0	1	1	1	1	1	1	1	1	0	0	1	0	0	1	1	0	1	1	0	0	1	0	1	0	1	1	1	1	1	1	1	1	0	1	0	1	0	0	1	1	1	
MAVmef1	32	1	0	1	1	1	1	1	1	1	1	1	1	0	1	0	0	1	0	1	1	1	1	1	0	1	0	1	1	1	1	0	1	1	1	1	1	0	1	1	1	1	1	1	0	1	1	1	1	1	1	0	1	1	1	1	1	1	1	1	1	1	0	0	0	1	1	1	1	1	0	1	1	0	1	1	0	1	0	1	0	1	0	1	0	1	1	1	0	1	0	0	1	1	0	1	1	0	0	1	0	0	1	0	1	1	1	1	1	1	1	0	0	1	0	1	0	1	1	1	
MINmef1	33	1	0	1	0	1	1	1	1	1	1	1	1	0	1	0	0	1	0	1	1	1	1	1	1	0	0	1	1	1	1	0	1	1	1	1	1	1	1	1	1	0	1	1	0	0	0	1	1	1	1	0	1	1	1	1	1	1	1	1	1	1	1	1	0	1	1	1	1	1	0	1	1	0	1	1	0	1	1	1	0	1	0	0	1	1	0	1	0	1	0	0	1	1	0	1	1	0	0	1	0	0	1	0	1	1	1	1	1	1	1	0	0	1	1	1	0	0	1	1	
MINmef3	33	1	0	1	1	1	1	1	1	1	1	1	1	0	1	0	0	1	0	1	1	1	1	1	1	1	0	1	1	1	1	0	1	1	1	1	1	0	1	0	1	0	1	1	0	0	0	1	1	1	1	0	1	1	1	1	1	1	1	1	1	1	1	0	0	1	1	1	1	1	0	1	1	0	1	1	0	1	0	1	0	1	1	1	0	1	0	1	1	1	0	1	1	1	0	1	1	0	0	1	0	0	1	0	1	1	1	1	1	1	1	0	0	1	1	1	0	1	1	1	
MONmef1b	34	1	0	1	1	1	1	1	1	1	0	1	0	0	1	0	0	1	0	0	1	1	1	1	1	0	0	1	1	1	0	0	1	1	1	1	1	0	1	1	1	1	0	1	0	1	1	1	1	1	1	0	1	1	1	1	1	1	1	1	1	1	1	0	0	1	1	1	0	1	0	1	0	0	1	1	1	0	0	1	1	1	1	1	0	1	1	1	1	1	0	0	0	1	0	1	1	0	0	1	0	0	1	0	1	1	1	1	1	1	1	0	1	0	0	1	0	1	1	1	
MONmef2	34	1	0	1	1	1	1	1	1	1	1	1	1	0	1	0	0	1	0	1	1	1	1	1	1	1	0	1	1	1	1	0	1	1	1	1	1	0	1	1	1	0	1	1	0	0	1	1	1	1	1	0	1	1	1	1	1	1	1	1	1	1	1	0	0	1	0	1	1	1	0	1	1	0	1	1	0	1	0	1	0	1	1	0	1	1	0	1	0	1	0	0	1	1	0	1	1	0	0	1	0	0	1	0	0	1	1	1	1	1	1	0	0	0	1	1	0	0	1	1	
MONmef3	34	1	0	1	1	1	1	1	1	1	1	1	1	0	1	0	0	1	0	0	1	1	1	1	1	1	1	1	1	1	1	0	1	1	1	1	1	0	1	1	1	1	1	1	0	0	1	1	1	0	1	0	1	1	1	1	1	1	1	1	1	1	0	0	0	1	1	1	1	1	0	1	1	1	1	1	0	1	0	1	0	1	1	0	1	1	0	1	0	1	0	0	1	1	0	1	1	0	0	1	0	0	1	1	0	1	1	1	1	1	1	1	1	0	0	1	0	1	1	1	
MONmem2	34	1	0	1	1	1	1	1	1	1	0	1	0	0	1	0	0	1	0	1	0	1	0	1	1	0	0	1	1	1	0	0	1	1	1	1	1	0	1	1	1	0	1	0	1	1	1	1	1	1	1	0	1	1	1	0	1	1	1	1	1	1	1	1	0	1	1	1	1	1	0	1	1	0	1	1	0	1	0	1	1	1	1	1	0	1	0	1	0	1	0	0	1	1	0	1	1	0	0	1	0	0	1	0	1	1	1	1	1	1	1	0	0	0	1	1	0	1	1	1	
RENmef2	35	1	0	1	1	1	1	1	1	1	1	1	1	0	1	0	0	1	0	1	1	1	1	1	1	1	0	1	1	1	1	0	1	1	1	1	1	0	1	1	1	0	1	1	0	0	0	1	1	1	1	0	1	1	1	1	1	1	1	1	1	1	0	0	0	1	1	1	1	1	0	1	1	1	1	1	1	1	0	1	0	1	1	1	0	1	0	1	0	1	0	1	1	1	0	1	1	0	0	1	0	0	1	0	1	1	1	1	1	1	1	0	1	1	1	1	0	1	1	1	
RENmem1	35	1	0	1	1	1	1	1	1	1	1	1	1	0	1	0	0	1	0	1	1	1	1	1	1	1	0	1	1	1	1	1	1	1	1	1	1	0	1	0	1	0	1	1	0	1	0	1	1	1	1	0	1	1	1	1	1	1	1	1	1	1	0	0	0	1	1	1	1	1	0	1	1	0	1	1	0	1	0	1	0	1	1	1	0	1	0	1	1	1	0	0	1	1	0	1	1	0	0	1	0	0	1	0	1	1	1	1	1	1	1	0	0	1	1	1	0	1	1	1	
RENmem2	35	1	0	1	1	1	1	1	1	1	1	1	1	1	1	0	0	1	1	0	1	1	1	1	1	0	0	1	1	1	1	0	1	1	0	1	1	0	1	1	1	0	1	1	0	0	0	1	1	1	1	0	1	1	1	1	1	1	1	1	1	1	0	0	0	1	1	1	1	1	0	1	1	0	1	1	0	1	0	1	0	1	1	1	1	1	0	1	0	1	0	0	1	1	1	1	1	0	0	1	0	0	1	0	1	1	1	1	1	1	1	0	1	0	1	1	0	1	1	1	
RIEmef1	36	1	0	0	0	1	1	1	0	1	1	1	1	0	1	0	0	1	0	0	1	1	1	1	1	1	0	1	1	1	1	0	1	1	1	1	0	0	1	0	1	0	1	1	0	0	0	1	1	1	1	0	1	1	1	1	1	1	1	1	1	1	0	0	0	1	1	1	1	1	0	1	1	0	1	1	0	1	0	1	0	1	1	1	1	1	1	1	0	1	0	0	1	1	0	1	1	0	0	1	0	0	1	0	1	1	1	1	1	1	1	0	1	1	1	1	0	1	1	1	
RIEmef2	36	1	0	1	1	1	1	1	1	1	1	1	1	0	0	0	0	1	0	1	1	1	1	1	1	1	0	1	1	1	1	0	1	1	1	1	1	0	1	1	1	0	1	1	0	0	0	1	1	1	1	0	1	1	1	1	1	1	1	1	1	1	0	0	0	1	1	1	1	1	0	1	1	0	1	1	0	1	0	1	0	1	1	0	1	1	0	1	0	1	1	1	1	1	0	1	1	0	0	1	0	0	1	0	1	1	1	1	1	1	1	0	0	1	1	1	1	1	1	1	
RIEmef4	36	1	0	1	1	1	1	1	1	1	1	1	1	0	0	0	0	1	1	1	1	1	1	1	1	1	0	1	1	1	1	0	1	1	1	1	1	0	1	0	1	0	1	1	0	0	0	1	1	1	1	0	1	1	1	1	1	1	1	1	1	1	0	0	0	1	1	1	1	1	0	1	1	1	1	1	0	1	0	1	0	1	0	0	1	1	1	1	0	1	1	0	1	1	0	1	1	0	0	1	0	0	1	0	1	1	1	1	1	1	1	0	0	1	1	1	0	1	1	1	
RIEmem1	36	1	0	1	1	1	1	1	0	1	1	1	1	0	0	0	0	1	0	1	1	1	1	1	1	0	0	1	1	1	1	0	1	1	1	1	1	0	1	1	1	0	1	1	0	0	0	1	1	1	1	0	1	1	1	1	1	1	1	1	1	1	0	0	0	1	1	1	1	1	1	1	1	0	1	1	0	1	0	1	0	1	1	0	1	1	0	1	0	1	0	0	1	1	0	1	1	0	0	1	0	0	1	0	1	1	1	1	1	1	1	0	0	1	1	1	0	1	1	1	
RILmef1	37	1	0	1	1	1	1	1	1	1	1	1	1	0	1	0	0	1	0	1	1	1	1	1	0	1	0	1	1	1	1	0	1	1	1	1	1	0	1	1	1	0	1	1	0	1	1	1	1	1	1	0	1	1	1	1	1	1	1	1	1	1	1	1	0	1	1	1	1	1	0	1	1	0	1	1	0	1	0	1	1	1	1	1	0	1	0	1	0	1	0	0	1	1	0	1	1	0	0	1	0	1	1	0	1	1	1	1	1	1	1	0	1	0	1	1	0	1	1	1	
RILmef2	37	1	0	1	1	1	1	1	1	1	1	1	1	0	1	1	0	1	0	1	1	1	1	1	1	1	0	1	1	1	1	0	1	1	1	1	1	0	1	1	1	1	1	1	0	0	1	1	1	0	1	0	1	1	1	1	1	1	1	1	1	1	0	0	0	1	1	1	1	1	0	1	1	0	1	0	0	1	0	1	1	1	1	1	1	1	1	1	0	1	0	0	1	1	0	1	1	0	0	1	0	0	0	1	1	1	1	1	1	1	1	0	1	0	1	0	0	1	1	1	
RILmef4	37	1	0	1	1	1	1	1	1	1	1	1	1	0	1	0	0	1	0	1	1	1	1	1	1	1	1	1	1	1	1	0	1	1	1	1	1	1	1	1	1	0	1	1	0	1	1	1	1	0	1	0	1	1	1	1	1	1	1	0	1	1	0	0	1	1	1	1	1	1	0	1	1	0	1	1	0	1	0	0	0	1	1	1	0	1	1	0	0	1	1	0	1	1	1	1	1	0	0	1	0	0	0	1	1	1	1	1	1	1	1	0	1	0	1	1	0	1	1	1	
RILmem1	37	1	0	1	1	1	1	1	1	1	0	0	1	0	1	0	0	1	0	1	0	1	0	1	0	0	0	1	1	1	1	0	1	1	1	1	1	0	1	1	1	0	1	1	0	1	1	1	1	1	1	0	1	1	1	1	1	1	1	1	0	1	1	0	0	1	1	1	1	1	0	1	1	1	1	0	0	1	0	1	0	1	1	1	0	1	1	1	0	1	0	0	1	1	0	1	1	1	0	1	0	1	1	0	1	1	1	1	1	1	1	0	1	0	0	1	0	1	1	1	
RUCmef1b	38	1	0	1	1	1	1	1	1	1	1	1	1	0	1	1	1	1	1	1	1	1	1	1	1	1	0	1	1	1	1	0	1	1	1	1	0	0	1	1	1	1	1	1	1	0	1	1	1	0	1	0	1	1	1	1	1	0	1	1	1	1	0	0	0	1	1	1	1	1	0	1	1	0	1	1	0	1	0	1	0	1	1	1	0	1	1	1	0	1	0	0	1	1	0	1	1	0	0	1	0	0	1	0	1	1	1	1	1	1	1	0	1	0	1	1	0	1	1	1	
RUCmef2	38	1	0	1	1	1	1	1	1	1	1	1	1	1	1	0	0	1	0	1	1	1	1	1	1	1	1	1	1	1	1	0	1	1	1	1	1	0	1	1	1	1	1	1	0	1	1	1	1	1	1	0	1	1	1	1	1	1	1	1	1	1	0	0	1	1	1	1	1	1	0	1	1	0	1	1	0	1	0	1	1	1	1	1	0	1	0	1	0	1	0	0	1	1	0	1	1	0	0	1	0	1	1	0	1	1	1	1	1	1	1	0	1	0	1	1	0	1	1	1	
RUCmef3	38	1	0	1	1	1	1	1	1	1	0	1	0	0	1	1	1	1	1	1	1	1	1	1	0	1	0	1	1	1	1	0	1	1	1	1	1	0	1	1	1	1	1	1	0	0	0	1	1	1	1	0	1	1	1	1	1	1	1	1	1	1	0	0	0	1	1	0	1	1	0	1	0	1	1	1	0	0	0	1	1	0	1	1	0	1	1	1	0	1	0	0	0	1	0	1	1	0	0	0	0	0	1	0	1	1	0	1	1	1	1	0	1	0	0	1	0	1	1	1	
RUCmem1	38	1	0	1	1	1	1	1	1	1	1	1	1	0	1	0	0	1	1	1	1	1	1	1	1	1	0	1	1	1	1	0	1	1	1	1	1	0	1	1	1	0	1	1	0	1	1	1	1	1	1	0	1	0	1	1	1	1	1	1	1	1	0	0	0	1	1	1	1	1	0	1	1	0	1	1	0	0	0	1	1	1	1	1	0	1	1	1	1	1	0	0	0	1	0	1	1	0	0	1	0	0	0	1	1	1	1	1	1	1	1	0	1	0	1	1	0	1	1	1	
RUCmem4	38	1	0	1	1	1	1	1	1	1	1	1	1	0	1	0	0	1	0	1	1	1	1	1	1	0	0	1	1	1	1	1	1	1	1	1	1	0	1	1	1	0	1	1	0	0	1	1	1	1	1	0	1	1	1	1	1	1	1	1	1	1	0	0	0	1	1	1	1	1	0	1	1	1	0	0	0	1	0	1	1	1	1	1	1	1	1	1	0	1	0	0	1	1	0	1	1	0	0	1	0	0	1	0	1	1	1	1	1	1	1	0	1	0	1	1	0	1	1	1	
SALmef2	39	1	0	1	1	1	1	1	0	1	1	1	1	0	1	0	1	1	0	1	1	1	1	1	1	1	0	1	1	1	1	0	1	1	1	1	1	0	1	1	1	0	1	1	0	0	0	1	1	1	1	0	1	1	0	1	1	1	1	1	1	1	0	0	0	1	1	1	1	1	0	1	1	0	1	1	0	1	0	1	0	1	1	0	1	1	0	1	0	1	0	0	0	1	0	1	1	0	0	1	0	0	1	0	1	1	1	1	1	1	1	0	0	1	1	1	0	1	1	1	
SALmef3	39	1	0	1	1	1	1	1	1	1	1	1	1	0	1	0	0	1	0	1	1	1	1	1	1	1	0	1	1	1	1	0	1	1	1	1	1	0	1	1	1	0	1	1	0	0	0	1	1	1	1	0	1	1	1	1	1	1	1	1	1	1	0	0	0	1	1	1	1	1	0	1	1	0	1	1	0	1	1	1	0	1	1	0	1	1	0	1	0	1	0	0	1	1	0	1	1	0	0	1	1	0	1	0	1	1	1	1	1	1	1	0	0	0	0	1	0	0	1	1	
SALmem1	39	1	0	1	1	1	1	1	1	1	1	1	1	0	1	0	0	1	0	1	1	1	1	1	1	1	0	1	1	1	1	0	1	1	1	1	1	0	1	1	1	0	1	1	0	0	0	1	1	1	1	0	1	1	1	1	1	1	1	1	1	1	0	0	0	1	1	1	1	1	0	1	1	0	1	1	0	1	0	1	0	1	1	0	1	1	0	1	1	1	0	0	1	1	0	1	1	0	0	1	0	0	1	0	1	1	1	1	1	1	1	0	0	1	1	1	0	1	1	1	
SALmem2	39	1	0	1	1	0	1	1	1	1	1	1	1	0	1	0	0	1	0	1	1	0	1	1	0	0	0	1	1	1	1	1	1	1	0	1	1	0	1	1	1	0	1	1	0	0	0	1	1	1	1	0	1	1	1	1	1	1	1	1	1	1	0	0	0	1	1	1	1	1	0	1	1	0	1	1	0	1	0	1	0	1	1	0	1	1	0	1	0	1	0	0	1	1	0	1	1	0	0	1	0	0	1	0	1	1	1	1	1	1	1	0	0	1	1	1	0	1	1	1	
SCAmef1	40	1	0	1	1	1	1	1	1	1	1	1	1	0	1	0	0	1	0	1	1	1	1	1	1	1	0	1	1	1	1	0	1	1	1	1	1	0	1	1	1	1	1	1	0	1	1	1	1	1	1	0	1	1	1	1	1	1	1	1	1	1	0	0	0	1	1	1	1	1	0	1	1	0	1	1	0	1	0	1	0	1	1	1	0	1	1	1	0	1	0	0	1	1	0	1	1	0	0	1	0	0	1	0	1	1	1	1	1	1	1	0	1	0	0	1	0	1	1	1	
SCAmef2b	40	1	0	1	1	0	1	1	1	1	1	1	1	0	1	1	0	1	0	1	1	1	1	1	1	1	0	1	1	1	1	0	1	1	1	1	1	0	1	1	1	0	1	1	0	0	0	1	1	0	1	0	1	0	1	1	1	1	1	1	1	1	0	0	0	1	1	1	1	1	0	1	1	0	1	1	0	1	0	1	1	1	1	1	1	1	1	1	1	1	0	0	0	1	0	1	1	0	0	1	0	0	1	0	1	1	1	1	1	1	1	0	1	1	1	1	1	1	1	1	
SCAmef4	40	1	0	1	1	1	1	1	1	1	1	1	1	0	1	1	1	1	0	1	1	1	1	1	1	1	1	1	1	1	1	0	1	1	1	1	1	0	1	1	1	0	1	1	0	0	1	1	1	1	1	0	1	1	1	1	1	1	1	1	1	1	0	0	0	1	1	1	1	1	0	1	1	0	1	1	0	1	0	1	0	1	1	1	0	1	0	1	0	1	0	0	1	1	0	1	1	0	0	1	0	0	1	0	1	1	1	1	1	1	1	0	0	0	0	1	0	1	1	1	
TROmef1	42	1	0	1	1	1	1	1	1	1	1	1	1	0	1	0	0	1	0	1	1	1	1	1	1	1	0	1	1	1	1	0	1	1	1	1	0	0	1	1	1	1	1	1	0	0	0	1	1	0	1	0	1	1	1	1	1	1	1	1	1	1	0	0	0	1	1	1	1	1	0	1	1	0	1	1	0	1	1	1	0	1	1	1	0	1	1	1	0	1	0	0	1	1	0	1	1	0	0	1	0	0	1	0	1	1	1	1	1	1	1	0	1	0	1	1	1	1	1	1	
TROmem1	42	1	0	1	1	1	1	1	1	1	1	1	1	0	1	0	0	1	0	0	1	1	1	1	1	1	1	1	1	1	1	0	1	1	1	1	1	0	1	1	1	0	1	1	0	1	1	1	0	1	1	0	1	1	1	1	1	1	0	1	1	1	1	0	0	1	1	1	1	1	0	1	1	0	1	0	0	1	1	1	0	1	1	1	0	1	1	1	0	1	0	0	1	1	0	1	1	0	0	1	0	1	0	1	1	1	1	1	1	1	1	0	1	0	1	1	0	1	1	1	
TULmef1	43	1	0	1	1	1	1	1	1	1	1	1	1	1	1	0	0	1	0	1	1	1	1	1	1	1	0	1	1	1	1	0	1	1	1	1	0	0	1	1	1	0	1	1	0	1	1	1	1	1	1	0	1	1	1	1	1	1	1	1	1	1	0	0	1	1	1	1	1	1	0	1	1	0	1	1	0	1	0	1	0	1	1	1	1	1	0	1	0	1	1	0	1	1	0	1	1	0	0	1	0	0	1	0	1	1	1	1	1	1	1	0	1	0	1	1	0	1	1	1	
TULmef3	43	1	0	1	1	1	1	1	1	1	1	1	1	0	1	0	0	1	0	1	1	1	1	1	1	1	0	1	1	1	1	0	1	1	1	1	1	1	1	1	1	1	1	1	0	0	1	1	1	0	1	0	1	1	1	0	1	1	1	1	1	1	1	1	0	1	1	1	1	1	0	1	1	1	1	1	0	1	0	1	1	1	1	1	0	1	1	1	0	1	0	0	1	1	0	1	1	0	0	1	0	0	1	0	1	1	1	1	1	1	1	0	1	0	1	1	0	1	1	1	
UGGmef1	44	1	0	1	1	1	1	1	1	1	0	1	0	0	1	1	0	1	0	1	1	1	1	1	1	1	0	1	1	1	1	0	1	1	0	1	1	0	1	0	1	1	1	1	0	1	1	1	1	0	1	0	1	1	1	1	1	1	1	1	1	1	1	1	0	1	1	1	1	1	0	1	1	0	1	1	0	1	0	1	1	1	1	1	0	1	1	1	0	1	0	0	1	1	0	1	1	0	0	1	0	0	0	1	1	1	1	1	1	1	1	0	1	0	1	1	0	1	1	1	
VIVmef1	45	1	0	1	1	1	1	1	1	1	1	1	1	0	1	0	0	1	0	1	1	1	1	1	1	1	0	1	1	1	1	0	1	1	0	1	1	1	1	0	1	0	1	1	0	0	0	1	1	0	1	0	1	1	1	1	1	1	1	1	1	1	0	0	0	1	1	1	1	1	0	1	1	0	1	1	0	1	0	1	0	1	0	0	1	1	0	1	0	1	0	0	1	1	0	1	1	0	0	1	0	0	1	0	1	1	1	1	1	1	1	0	0	1	1	1	0	1	1	1	
VIVmef12b	45	1	0	1	1	1	1	1	1	1	1	1	1	0	1	0	0	1	0	1	1	1	1	1	1	1	0	1	1	1	1	0	1	1	1	1	1	0	1	1	1	0	1	1	0	0	0	1	1	1	1	0	1	1	1	1	1	1	1	1	1	1	0	0	0	1	1	1	1	1	0	1	1	0	1	1	0	1	0	1	1	1	1	0	1	1	0	1	0	1	0	0	1	1	0	1	1	0	0	1	0	0	1	0	1	1	1	1	1	1	1	0	0	0	1	1	0	1	1	1	
VIVmef2	45	1	0	1	1	1	1	1	1	1	1	1	1	0	1	0	0	1	0	1	1	0	1	1	1	1	0	1	1	1	1	0	1	1	1	1	0	1	1	1	1	0	1	1	0	0	0	1	1	1	1	0	1	1	1	1	1	1	1	1	1	1	0	0	0	1	1	1	1	1	0	1	1	0	1	1	0	1	0	1	0	1	1	0	1	1	0	1	0	1	0	0	1	1	0	1	1	0	0	1	0	0	1	0	1	1	1	1	1	1	1	0	0	1	1	1	0	1	1	1	
VIVmem1	45	1	0	1	1	1	1	1	1	1	1	1	1	0	0	0	0	1	1	0	1	1	1	1	1	1	0	1	1	1	1	0	1	1	1	1	0	0	1	1	1	0	1	1	0	1	1	1	1	1	1	0	1	1	1	1	1	0	1	1	1	1	0	0	0	1	1	1	1	1	1	1	1	0	1	1	0	1	0	1	0	1	1	1	0	1	0	1	0	1	0	0	0	1	0	1	1	0	0	1	0	0	1	0	1	1	1	1	1	1	1	1	0	1	1	0	0	1	1	1	
VIVmem2	45	1	0	1	1	1	1	1	1	1	1	1	1	0	1	0	0	1	0	1	1	1	1	1	1	1	0	1	1	1	1	0	1	1	1	1	1	0	1	1	1	0	1	1	0	0	1	1	1	1	1	0	1	1	1	1	1	1	1	1	1	1	0	0	0	1	1	1	1	1	0	1	1	0	1	1	0	1	0	1	0	1	1	0	1	1	1	1	0	0	1	0	1	1	0	1	1	0	0	1	0	0	1	0	1	1	1	1	1	1	1	0	0	1	1	1	0	1	1	1	
VRHmem1	46	1	0	1	1	1	1	1	0	1	1	1	1	0	1	0	0	1	0	1	1	1	1	1	1	1	0	1	1	1	1	0	1	1	1	1	0	0	1	1	1	0	1	1	0	0	1	1	1	1	1	0	1	1	1	1	1	1	1	1	1	1	0	0	0	1	1	1	1	1	0	1	0	0	1	1	0	0	0	1	1	0	1	0	1	1	1	1	0	1	0	0	1	1	0	1	1	0	0	1	0	0	0	1	1	1	1	1	1	1	1	0	1	0	1	1	0	1	1	0	
VRHmem2	46	1	0	1	1	1	1	1	1	1	1	1	1	0	1	0	0	1	1	1	1	1	1	1	1	1	0	1	1	1	1	0	1	1	1	1	0	0	1	0	1	0	1	1	0	1	0	1	1	1	1	0	1	1	1	1	1	1	1	1	1	1	0	0	0	1	1	1	1	1	0	1	1	0	1	1	0	1	0	1	1	1	1	1	1	1	1	1	0	1	0	0	1	1	0	1	1	0	0	1	0	0	1	0	1	1	1	1	1	1	1	0	1	0	1	1	0	1	1	1	
WOLmef1	47	1	0	1	1	1	1	1	1	1	1	1	1	0	1	0	0	1	0	1	1	1	1	1	1	1	1	1	1	1	1	0	1	1	1	1	1	0	1	1	1	0	1	1	0	1	1	1	1	0	1	0	1	1	1	1	1	1	1	1	1	1	0	0	0	1	1	1	1	1	0	1	1	0	1	1	0	1	1	1	0	1	1	1	1	1	0	1	0	1	0	0	1	1	1	1	1	0	0	1	0	0	1	0	1	1	1	1	1	1	1	1	1	0	1	1	0	1	1	1	
WOLmef2	47	1	1	1	1	1	1	1	1	1	1	1	1	0	1	0	0	1	0	1	1	1	1	1	1	1	0	1	1	1	1	0	1	1	1	1	1	0	1	1	1	0	1	1	0	1	1	1	1	1	1	0	1	1	1	1	1	1	1	1	1	1	1	0	0	1	1	1	1	1	0	1	1	0	1	1	0	1	0	1	1	1	1	1	0	1	0	1	0	1	1	0	1	1	0	1	1	0	0	1	0	0	1	0	1	1	1	1	1	1	1	1	1	0	0	1	0	1	1	1	
WOLmef3b	47	1	0	0	0	1	1	0	0	0	1	1	1	0	1	0	0	1	0	0	1	1	1	1	1	1	0	1	1	1	1	1	1	1	1	1	1	0	1	0	1	1	1	1	0	1	0	1	1	0	1	0	1	1	1	1	1	1	1	1	1	1	1	0	0	1	1	1	1	1	0	1	1	1	1	1	0	1	0	1	0	1	1	1	1	1	1	1	0	1	1	0	1	1	0	1	1	0	0	0	0	0	0	1	1	1	1	1	1	1	1	0	1	0	1	1	0	1	1	1	
WOLmem2	47	1	0	0	0	0	1	1	0	1	1	1	1	0	1	0	0	1	0	0	1	1	1	0	1	1	1	0	1	1	1	0	1	1	1	1	1	0	1	1	1	0	0	1	1	0	1	1	0	1	1	0	1	1	1	1	1	1	1	1	1	1	0	0	0	1	1	1	1	1	0	1	1	0	1	1	0	1	0	1	1	1	1	1	0	1	0	1	0	1	0	0	1	1	1	1	1	0	0	1	0	0	0	1	1	1	1	1	1	1	1	0	1	0	1	1	0	1	1	1	
