Allomerus ant microsats											
395	5	10	2	3							
Petit											
Montagne											
Bagne											
Nouragues											
Kaw											
location	ant_code	A23	A41	A49	Ad166	W8O	A21	W813	A60	W225	W872
1	BVunknown1	290290	169169	223225	163163	276284	359359	134134	279279	243243	361361
1	HP1.37	290290	167169	223225	171171	280284	359359	134136	279283	243243	359363
1	HP16.07.08(2)	290290	163169	223225	171171	282282	359359	134136	279279	243243	399399
1	HP16.07.08(1)	290292	169169	223225	171171	280282	359359	134136	279279	243243	359399
1	BVA32	290290	169169	223225	165171	282284	359359	106138	279279	243243	361395
1	BVA29	290290	169169	223225	171171	280284	359359	136136	279283	243243	361363
1	HP1.02	290292	163169	223223	165171	286292	359359	126138	279279	243243	361361
1	BVA27	288290	169169	221225	163171	284286	359359	134138	279279	243243	361361
1	BVA30	290290	169169	221223	171173	276280	359359	138138	279279	243243	363387
1	HP1.43	290290	169169	225225	171171	280282	359359	136136	279279	243243	361397
1	HP1.04	290290	163169	223223	165171	282282	359359	134136	279279	243243	363399
1	BVAQ2	290290	169169	221223	163171	276284	359359	136136	279283	243243	359363
1	HP1.08	288290	167169	223223	163171	282292	359359	134136	279283	243243	361361
1	HP1.9	290290	163169	223225	165171	280284	359359	134136	279279	243243	361361
1	HP1.09	290290	163169	223225	165171	280284	359359	136136	279281	243243	361397
1	BVB10	290290	163169	223223	163163	280282	359361	118134	279279	243243	359399
1	HPAD6.BV	290296	169169	223223	171171	278282	359359	134136	279279	243243	361361
1	HP1.39	290290	163169	223223	163171	282282	359359	136136	279279	243243	363399
1	HP1.23	290290	163169	223225	163171	284284	359359	132136	279279	243243	399399
1	HP1.07	290290	169169	223225	171171	282282	359359	136136	279279	243243	361363
1	BVA50B	290292	169169	223223	163165	280282	359359	136136	279279	243243	363363
1	HP1.21	290296	169169	223223	163171	282284	359359	136138	279279	243243	363363
1	HP1.06	290290	169169	223223	163163	276282	359359	108134	279279	243243	361405
1	HP1.42	290292	169169	223225	165171	282282	359359	136136	279279	243243	359363
1	HP1.20	290290	169169	223223	163165	282282	359359	136136	279279	243243	363405
1	HP1.10	290292	169169	223225	163165	280292	359359	136138	279279	243243	361399
1	HP1.35	290290	163169	223223	165171	282284	359359	136138	279279	243243	361387
1	BVA50	290290	163169	223225	163171	282284	359359	132134	279279	243243	363363
1	BVA50A	290292	163169	221225	163171	282282	359359	136138	279279	243243	363363
1	HP1.16	290290	169169	223223	163171	280284	359359	134136	279281	243243	361363
1	HP1.25	290292	169169	225225	163165	280282	359359	134138	279279	243243	361399
1	HP1.19	290290	169169	217223	165171	282282	359359	136140	279279	243243	361405
1	HP1.15	290290	169169	223223	163165	276282	359359	136140	279283	243243	363397
1	HP1.12	290290	169169	223223	163165	276282	359359	140140	279283	243243	361397
1	HP1.29	290292	169169	223223	163171	282284	359359	136136	281283	243243	361363
1	HPAD4.BV	290292	169169	223223	163171	280282	359359	106136	279279	243243	397399
1	HP1.13	290290	169169	223225	163171	282284	359359	136136	279283	243243	363363
1	HP1.14	290290	169169	223225	163171	282284	359359	136136	279279	243243	361363
1	HP1.40	290290	163169	223223	171171	282292	359359	134136	279279	243243	363399
1	BVA3	290290	169169	223223	171171	282282	359359	136140	279283	243243	359363
1	BVA1	290290	163163	223223	171171	282284	359359	138138	279279	243243	361361
1	BVA2	290290	163169	223223	171171	282284	359359	136136	279279	243243	361361
1	HP1.27	290292	169169	223225	163163	282284	359359	134136	279279	243243	361363
1	BVA5	290290	169169	223223	163171	282282	359359	134136	277283	243243	397399
1	BVA56	290292	163163	223225	163171	284284	359359	134136	279279	243243	363399
1	BVA43	290296	163169	223223	163171	282282	359359	134142	279279	243243	363387
1	HP2.16	292296	169169	223223	163163	282282	359359	136142	279281	243245	357361
1	HP2.18	292294	169169	223223	163171	282284	359359	134138	279281	243243	361361
1	HP2.72	290292	169169	221223	165171	280282	359359	132136	279279	245245	363365
1	HP2.25	288290	167169	223223	171171	280282	359361	136142	279279	243243	361361
1	HP2.73	290292	169169	217223	163171	284286	359361	132136	279279	243243	393401
1	HP2.28	292294	169169	223223	163171	280280	359359	106138	279279	243243	361361
1	HP2.30	292292	169169	223223	163171	280280	359359	132136	279279	243243	359361
1	HP2.29	290292	169169	223223	171171	282284	359359	132134	279279	245253	359361
1	HP2.31	292292	169169	199223	163171	280298	359359	134134	279279	243243	361361
1	HP2.32	290292	169169	199223	163171	280286	359359	138142	279279	243243	361361
1	HP2.75	292292	169169	223223	163163	280284	359359	108134	279281	243243	357357
1	HP2.90	290290	169169	223223	171171	276276	359359	134134	281281	243245	361361
1	HP2.77	290292	167169	223223	163163	280280	359359	134142	279279	243243	361361
1	HP2.89	292292	169169	223223	163163	280284	359359	132138	279279	243243	361361
1	HP2.79	290292	169169	223223	163171	282284	359361	106132	279279	245245	359401
1	HP2.35	290292	169169	223223	163171	278280	359359	134138	279281	243243	361361
1	HP2.87	292292	169169	223223	163163	280282	359359	134136	275279	243243	357361
1	HP2.58	290292	169169	221223	163171	280282	359359	134138	279281	243245	361365
1	HP2.46	292292	163169	223223	163171	278280	359359	136140	275279	243243	361405
1	HP2.59	290290	169169	223223	171171	262280	359359	136136	279279	243243	361363
1	HP6.64	292292	169169	213213	163163	280280	361361	132132	279279	243243	363363
1	HP6.46	292296	167169	223225	171171	276280	359359	136136	279279	243243	359363
1	HP6.47	292294	169169	217225	163171	280284	359359	132136	279279	243243	359401
1	HP6.51	292292	169169	223225	163163	276280	359359	136140	279279	243243	399401
1	HP6.40	290292	169169	223225	171171	276278	359359	122138	279279	243243	361361
1	HP6.70	290290	169169	223225	171171	280282	359359	130132	279279	243243	361403
1	HP6.36	290294	171171	223223	171171	280302	359359	134140	279279	243243	361361
1	HP6.A22	292292	169169	223225	163163	280280	361361	136138	279279	243243	363407
1	HP6.28	292292	163163	223223	171171	284284	359361	132132	279279	241243	399403
1	HP6.13	292294	163163	225225	163163	278280	359359	134138	279287	243243	359401
1	HP6.19	292294	169169	223223	163171	278280	359359	134138	279279	243243	367401
1	HP6.18	290290	163169	223225	163171	276276	359359	136140	279279	243243	359361
1	HP6.11	292294	169169	223225	171171	284286	359361	134138	279279	243243	359405
1	HP6.9	290294	169171	225225	163163	276282	359359	136142	279279	243243	359361
1	HP6.7	292292	169169	223225	163171	276292	359359	132140	279279	243243	359407
1	HP6.5	290294	167169	221225	163173	278280	359359	108136	279279	243243	359401
1	HP6.10	290296	167169	225225	163171	278280	359359	108134	279279	243243	0
1	HP7.40	290290	163163	223223	163171	282284	359359	130134	279279	243243	359403
1	HP7.35	292294	163169	223223	163163	280282	359359	136140	279279	243245	363407
1	HP7.82	290292	167169	223223	163163	280281	359361	134140	277281	243243	361401
1	HP7.83	290292	169169	213223	163163	280284	359359	138138	279279	243245	0
1	HP7.48	292292	163163	223223	163163	282282	359361	134142	279279	243243	359397
1	HP7.31	292292	169169	223225	171171	280282	359361	132136	279281	243243	361361
1	HP7.23	290292	169169	223223	163171	276282	359359	134140	279279	243243	397401
1	HP7.74	288290	167169	223223	163163	280280	359359	134138	275281	0	0
1	HP7.62	290290	169169	223223	163163	276290	359359	106132	279279	243245	361365
1	HP7.42	292294	163169	223223	163165	280286	359359	106136	279281	243243	359359
1	HP7.80	290290	163167	223223	163171	276278	359359	104110	0	0	0
1	HP7.09	290292	169169	223223	163171	280296	359359	136138	277279	0	363401
1	HP7.81	290290	163169	223223	163163	0	359359	134134	279279	0	0
1	HP7.57	290292	169169	223223	163163	278292	359361	140140	279279	241243	363363
1	HP7.04	290290	163169	223223	163171	274286	359359	130138	279279	243243	359361
1	HP7.79	288290	163167	223225	163163	0	359359	104106	279279	243243	0
1	HP7.C23	278290	163167	215223	163171	268280	341359	102110	264264	0	339339
1	HP7.78	290292	169169	223223	163163	284292	359361	136136	279279	243243	361401
1	HP7.02	290292	169169	223223	163171	278286	359361	136138	279283	243245	0
1	HP7.77	290292	167169	223223	163171	281281	359359	132140	279279	243243	359361
1	PTS.13.05.01	290290	169169	223225	163163	280284	359359	130134	279279	243243	357361
1	HP9.M4	292294	169169	225225	163171	278300	359361	132136	279279	243243	359359
1	HP9.32	290292	163169	223225	163171	276284	359359	108136	279279	243243	359361
1	HP9.M13	294294	169169	223225	163171	278280	361361	106140	279279	243243	359359
1	HP9.34	288290	169169	223225	163171	284290	359361	108140	279279	243243	361361
1	HP9.30	290292	169169	223223	171171	280282	359359	126136	279281	243243	357361
1	PTS.13.12.01	292292	163169	223225	163171	276278	359359	108136	279279	243243	359361
1	HP9.31	288290	169169	217223	163171	280282	359359	136138	279279	243243	359395
1	HP9.29	292292	169169	223223	163171	278280	359359	126140	279283	243243	359361
1	HP9.M3	294294	163169	223223	163171	278278	359359	130132	279279	243243	359361
1	PTS.13.21.01	292292	163169	223223	163171	276280	359359	138140	279281	243243	361361
1	HP9.26	290292	169169	223225	163171	276280	359359	106134	279283	243243	359409
1	HP9.35	290294	167169	217223	163171	278282	359359	106136	279283	243243	361361
1	HP9.14	288292	163169	217223	163163	278282	359361	134138	279279	243243	357399
1	HP9.13	294294	169169	223223	163163	276300	359359	126134	279279	243243	359361
1	HP9.15	290292	163169	217225	171173	280282	359359	132136	279287	243243	359359
1	HP9.12	292292	169169	223223	163171	278278	359361	126132	279279	243243	361403
1	HP9.AB	290292	163167	223223	163171	280280	359359	120140	279279	243243	361361
1	HP9.16	288294	169169	223225	171171	276280	359361	138138	279279	243245	361395
1	HP9.08	290292	169169	225225	163171	284300	359359	120132	279279	243243	359395
1	HP9.07	292294	169169	223223	163171	282284	359361	126138	279279	243243	359361
1	HP9.10	292292	169169	223225	163171	280292	359359	134136	279279	243243	361401
1	HP9.AC	290290	169169	223225	163163	280300	359361	132138	279279	243243	361399
1	HP9.24	290290	169169	223223	163171	280284	359359	136138	279279	243243	359359
1	HP9.17	290290	169169	223223	171171	278282	359359	136140	279279	243243	399401
1	PTS.13.63.01	292294	163169	225225	171173	276282	359359	132136	279279	243243	357359
1	HP9.11	292292	169169	223225	163171	282290	359359	118136	279279	243243	361363
1	HP9.M5	290294	169169	225225	163171	280284	359361	136140	279279	243243	359359
1	HP9.39	0	163167	213223	0	0	359359	0	279279	0	0
1	HP9.21	290290	169169	223223	171171	276278	359361	136138	279279	243243	361363
1	HP9.40	292294	163169	217225	163171	280280	359359	126130	279279	243243	0
1	HP9.06	288290	167171	199223	171171	280282	359359	132132	279279	243243	361363
1	HP9.23	290290	169169	217223	163163	278280	359359	130138	279279	243243	359359
1	HP9.09b	290292	169169	223223	171171	278284	359359	132136	279279	243243	361363
1	HP9.09a	292294	167169	225225	171171	280298	359359	106130	279279	243243	361363
1	HP9.05	290292	167169	223223	163163	280284	359359	136138	279279	243243	361401
1	HP9.04	292294	163169	223223	163171	278280	361361	136138	279279	243243	361401
1	HP9.M14	288288	167167	217223	163171	284300	359361	126140	279279	243243	359361
1	HP9.37	290292	169171	223225	171171	278280	359359	136140	279279	241243	361401
1	HP9.M7	288292	167169	223225	163173	278298	359359	108134	279279	243243	359363
1	HP9.03	290292	169169	223225	163171	276284	359359	136136	279279	0	359359
1	HP9.02	290292	163169	217223	163171	278280	359361	122138	279279	243243	357395
1	HP9.36	292294	169169	223223	163173	282286	359359	126134	279279	243243	359359
1	HP9.01	290292	167169	223223	171171	278284	359359	108138	279279	243243	361361
1	HP9.M11	290294	163169	223223	163171	278284	359361	106132	279279	243243	361401
2	HPdef3	292294	167167	217223	171171	280282	359361	134138	279279	243243	359359
2	HPdef2	290294	167169	217217	171171	280286	359361	136138	279279	243243	361361
2	HPdef1	290290	167167	217223	163171	280280	359359	118118	279279	243243	357357
2	PTS15.03.01.2	290294	169169	217223	171171	276286	361361	130136	279279	243243	355359
2	PTS15.02.01	290290	169169	217223	171171	280280	359359	120136	279279	243243	361361
2	HPdef5	290294	167167	217219	163171	278282	359361	134140	279279	243243	359359
2	HPdef6	290292	169169	223223	171171	280280	359361	120136	279279	243243	359359
2	PTS15.83.01	288290	163167	223223	0	280280	359359	102110	263279	0	0
2	HPdef7	290294	169169	217223	163171	286288	359361	136140	279279	243243	355363
2	HPdef8	292294	167167	217223	171171	286286	359361	136136	279279	243243	359359
2	HPdef14	290292	169169	217223	171171	276276	359361	134138	279279	243243	355359
2	HPdef12	290290	169169	219223	171171	280286	359361	136136	279279	243243	359359
2	HPdef15	290294	167167	217223	171171	280284	359361	136138	279279	243243	359359
2	HPdef13	290290	169169	217217	171171	280288	361361	134134	279279	243243	355359
2	HPdef10	290290	167167	217223	171171	276286	359359	136136	279279	243243	361361
2	HPdef11	290290	167167	219223	171171	280282	359361	134136	279279	243243	355355
2	PTS15.88.02	290294	167167	217217	171171	274278	359361	118140	279279	243243	359359
2	MSB3	290290	167167	223223	171171	280284	359359	134138	279279	243243	355363
2	HPMS20	290290	167167	223223	163171	276276	359359	138140	279279	243243	359359
2	HPMS26	290292	169169	223223	163171	278280	359359	138138	279279	243243	353363
2	MSB1	292292	167169	217223	163171	280282	359361	134138	279279	243243	363363
2	HPMS16	290292	167169	199217	171171	278282	359359	136138	279279	243243	0
2	MSB4	288294	167167	217223	171171	280280	359359	138144	279279	243243	355361
2	MSB5	292292	169169	223223	171171	272280	359359	132138	279279	243243	355363
2	MSB2	290290	167169	217223	171171	278280	359361	134138	279279	243243	359361
2	HPMS17	290290	169169	217223	171171	282282	359359	118140	279279	243243	359365
2	HPMS23	290294	167167	217217	171171	278278	359361	134136	279279	243243	355359
2	HPMS22	290292	169169	223223	171171	286286	359361	134138	279279	243243	357361
2	HPMS2	290294	167169	223223	171171	272280	359359	136136	279279	243243	359359
2	HPMS4	290292	167167	223223	163171	278280	361361	134142	279279	243243	359365
2	HPMS5	288292	167167	217223	171171	278280	359359	132134	279279	243243	355361
2	HPMS10	290290	167167	223223	171171	272280	361361	118136	279279	243243	355365
2	HPMS12	290290	167167	213223	171171	276284	359359	134136	279279	243243	361365
2	HPMS6	290292	167167	217223	171171	280282	359361	130138	279279	243243	357359
2	HPMS14	294294	167167	199223	171171	276280	359359	136136	279281	243243	361361
3	BA02	288290	169169	215215	167173	284286	359359	124126	279281	243243	359385
3	BA03	292292	163167	215219	167173	288304	363363	122122	279279	0	0
3	BA01	288292	163169	215221	173173	288290	359359	124128	279281	243243	361361
3	BA05	288288	169169	219219	167173	284286	359359	124124	279279	243243	363363
3	BA12	292294	167171	215219	167173	282290	363363	124126	279281	0	367383
3	BA10	290290	163169	215219	163163	282284	0	116122	279279	243243	363365
3	BA04	290290	169169	219223	167173	282286	0	116122	279279	0	0
3	BA07	290294	167171	215219	167167	284290	359359	116120	279279	241241	361361
3	BA06	290290	163169	215215	167167	284300	0	122128	279279	243243	365381
3	BA08	292294	169169	215219	167167	284290	0	124124	279279	243243	365365
3	BA11	290290	169171	215223	173175	284286	0	122124	279279	243243	381381
3	BA09	288290	163169	219221	163173	282282	359359	120122	279281	0	361363
4	n058	288288	167167	215221	167175	280284	361361	130134	279281	0	0
4	n002	288290	167167	219225	163167	286306	361363	118134	279283	243243	0
4	n306	288288	167169	215219	173175	278286	359359	132132	279283	241243	389417
4	n302	288290	167169	217217	165167	278300	359361	118128	279283	243243	355355
4	n305	288288	167167	217219	167173	286300	359359	106120	279283	241243	361363
4	n304	290292	167169	221221	167167	294310	359361	128130	279283	243245	389393
4	n303	288290	167169	225225	163167	284300	359359	118128	283283	241243	359359
4	n319	288290	167169	221221	163165	282310	359359	118134	279283	241243	355425
4	n067	288294	167169	225225	173177	284286	359359	116126	279283	243245	0
4	n134	290290	167167	215219	163175	300308	361361	120128	279281	243243	389389
4	n299	288288	163169	217219	163163	282298	359361	128128	283283	241245	361389
4	n301	288290	167167	219225	163167	282306	359363	126128	279283	243245	389397
4	n235	288290	169169	217221	173175	298302	359359	130134	279279	243243	389389
4	n179	288288	169169	225225	163167	286308	359359	118120	279283	243243	397397
4	n066	288288	167169	217221	163167	282286	359361	126134	277281	245245	331385
4	n236	288288	167167	221225	163167	286312	359359	132134	279279	243243	389389
4	n237	290292	167167	217225	163167	310310	359363	106134	277283	241243	409409
4	n292	288288	167167	221225	167173	286310	359363	120132	283283	241245	389389
4	n019	288292	169169	221225	173177	310310	361361	118126	279283	243245	389423
4	n175	288288	167167	215217	173175	282300	359359	122132	283283	243245	331395
4	n018	288288	167169	221225	163173	282310	359359	118130	281283	243243	421421
4	n245	288290	169169	217221	163165	282298	359363	118126	279281	245245	389389
4	n239	290290	167169	217225	163167	278280	359361	118130	279279	243243	357359
4	n244	288290	167167	219225	173175	286310	359363	128132	279281	245245	389389
4	n243	288290	167167	217225	167167	280300	363363	126126	279283	243243	359359
4	n242	288290	167167	221225	163167	282286	359363	118128	283283	243243	361361
4	n133	288290	169169	217225	163173	282310	359361	128128	277283	241243	361361
4	n065	288288	167167	219225	163163	286310	361363	120130	279283	243243	389389
4	n318	288290	169169	217221	163163	302306	359363	118132	279283	243245	427427
4	n176	288292	167167	225225	163167	306314	359361	120130	279279	245245	359389
4	n241	288288	169169	215221	167167	286302	361363	120120	281283	243245	361363
4	n177	288290	167167	221225	163167	278284	359359	126128	279283	245245	423423
4	n240	288292	169169	215215	173175	286306	359359	118126	279279	243243	397397
4	n316B	288290	167167	217219	163167	286300	359363	126134	281283	245245	361361
4	n316	288288	167167	215219	167167	278282	359359	120134	279281	241243	361363
4	n246	288290	169169	219225	163167	282282	359363	108120	279281	243245	359363
4	n320	288288	163167	221225	167167	284284	359359	118122	279283	0	0
4	n297	288288	167169	221225	163163	286306	359359	120128	279279	241243	417417
4	n300	290290	167167	219225	175175	300312	359359	118134	279283	241243	361361
4	n298	288288	169169	215221	167167	280286	361361	106128	279281	243245	0
4	n001	288290	167169	225225	167175	284300	359359	126128	279283	241243	425425
4	n234	288290	167169	219221	163163	300312	359359	106126	279279	241245	359359
4	n293	288290	169169	217219	163167	286286	361363	118132	279283	243243	361363
4	n041	290294	169169	217225	163167	308310	359361	120128	279283	243243	389389
4	n040	288292	169169	225225	175177	284312	359361	120126	279283	243243	0
4	n037	288288	163169	219225	163167	286286	359359	106128	279281	243243	361361
4	n038	290290	167169	219225	173175	300306	359361	120128	283283	241245	397397
4	n039	288290	169169	219219	163173	300310	361361	120128	279279	243243	361361
4	n005	288290	163167	217221	163163	284300	359359	120132	279283	243245	353355
4	n003	288288	163167	0	175177	278286	359361	126128	281281	243243	0
4	n260	288288	167169	221225	163163	278302	361361	130132	283283	243243	0
4	n007	290290	167167	221225	167177	278300	361361	126126	279279	243243	425425
4	n006	288290	163167	215217	163173	0	359361	106134	279283	239239	389389
4	n008	288290	167167	215219	167167	278300	359361	116122	279279	0	0
4	n010	288290	163167	215221	163165	286286	361361	118128	279281	243243	425425
4	n011	290292	167167	215221	167175	314314	359361	118128	279281	0	0
4	n115	288294	167169	217219	163171	284304	361361	120126	277283	243243	0
4	n113B	288294	167167	215215	163167	0	359359	128130	279281	243243	0
4	n113	288288	167167	215215	0	0	359359	0	279281	243243	0
4	n112	290290	163169	225225	175175	0	359361	106130	281283	239243	361391
4	n111	288290	167169	221225	167175	0	359361	126136	281283	243243	0
4	n104	288288	167167	221225	167173	276278	359363	118128	277279	243245	365429
4	n102	288290	163167	219219	163167	0	359359	118120	279279	239243	0
4	n100	288290	167167	225225	167167	282306	359359	126132	279281	243243	0
4	n101	288288	167169	221225	163167	310330	359361	118128	281283	243243	361427
4	n099	288288	167167	215215	167173	276310	359361	124126	279281	241249	0
4	n097	288288	167167	215215	163167	280286	359361	126132	281281	0	0
4	n092	288290	163167	215221	167167	290310	359363	122126	279279	243243	361361
4	n094	290290	163167	0	163173	0	0	106118	281281	239243	0
4	n079	288288	167169	219225	167167	286310	359361	118120	279281	243245	389389
4	n095	288294	167167	217219	167171	0	0	126132	279279	0	0
4	n107	288294	163169	215219	163175	308310	359361	120122	279283	239239	0
4	n078	288294	167169	221225	165173	280308	359361	126132	283283	245245	357357
4	n108	288288	167167	225225	163173	300300	359363	120132	279283	243243	365393
4	n073	288294	167167	0	173175	0	0	120128	0	0	0
4	n127	288288	167169	225227	163173	282282	359359	126128	281281	243243	359359
4	n074	288294	163167	217225	163175	0	359361	128132	281281	243243	0
4	n163	288294	167167	221225	167175	312324	359361	118132	277279	243243	427427
4	n110	290290	163167	0	173175	0	359361	118136	281281	243245	0
4	n075	288294	167169	225225	163175	296306	359361	118120	281281	239243	361389
4	n076	288288	167167	221225	163175	0	359359	126130	281281	241245	359359
4	n089	0	167167	0	0	0	361361	132136	279279	243243	389389
4	n088C	294294	167167	0	171177	0	359361	106126	279281	0	0
4	n088B	294294	167169	221225	171177	284306	361361	106126	279281	241245	0
4	n088	288290	163167	221221	163167	286286	359361	126126	279281	0	361415
4	n126	288294	167169	225225	163167	280310	359359	118120	281281	243243	0
4	n086	286288	167167	217221	163175	276286	359359	128132	277283	245245	361415
4	n087	292294	167167	225225	163167	280280	361361	118120	279281	239245	361361
4	n082	288288	163169	217221	163175	0	359359	122126	279281	0	0
4	n128	288290	163167	215215	163163	286310	359361	106130	279279	0	0
5	HPFOU.03	288290	163169	219219	167175	280292	361363	118124	279279	243243	359361
5	HPFOU.02	288290	163167	0	167167	0	361363	122124	279279	0	0
5	HPFOU.04	288290	169169	219219	163167	288288	363363	126126	279279	0	0
5	HPFOU.08	290290	169169	219219	163167	282286	361363	124126	279279	243243	359361
5	HPFOU.07	288288	169169	0	0	284290	361363	122124	279279	0	359361
5	HPFOU.05	286290	163167	219219	167167	284286	359361	124134	279279	0	0
5	HPFOU.06	288288	167169	215219	167167	286310	361363	122134	279281	243245	361423
5	HPFOU.09	290290	167173	0	0	266266	0	102110	264264	0	0
5	HPFOU.10	288290	163167	219221	167175	286286	359363	120126	279279	243243	359407
5	HPF3	288288	163167	219219	167167	0	359361	126134	279279	0	363363
5	HPF9	288290	169169	0	0	0	361361	124124	279279	0	0
5	HPF7	288290	167169	219219	163167	286288	361361	122126	0	0	0
5	HPF8	288288	169169	217219	167167	280288	363363	118126	279279	243243	359361
5	HPF6	0	163169	0	167167	0	361361	118132	279279	0	0
5	HPF13	290290	169169	219219	167167	286292	361363	124126	279279	243243	359361
5	HPF11	290290	169169	217219	167167	284286	361361	120124	279279	243243	361361
5	HPF16	288290	169169	219221	163167	288290	361363	124128	279279	241243	0
5	HPF14	290290	169169	219219	167175	282284	361363	122126	279279	243243	361361
5	HPF12	290290	169169	219221	167175	286290	361363	120124	279279	243243	359361
5	HPF15	288290	169169	217219	167167	284288	361361	124128	279279	241243	359359
1	HP11.18	288292	163169	215221	163173	288290	361361	134138	279279	243243	359361
1	HP11.16	288288	167169	223225	163171	278286	359359	106132	279281	243243	0
1	HP11.41	290290	163167	223225	163171	0	361361	120132	279279	0	0
1	HP11.52	290292	167169	223225	163163	278286	359359	120140	279279	0	359361
1	HP11.20	288290	169169	215215	167173	284286	359361	106132	279281	243243	0
1	HP11.31	290290	163169	223223	163163	280280	359359	134140	279279	243243	361361
1	HP11.32	290292	167169	223223	163163	280281	359361	134136	279279	0	0
1	HP11.30	288290	163167	223223	163171	276278	359361	134140	279279	243243	0
1	HP11.33	290292	163169	213223	163163	280284	359361	134140	279279	0	0
1	B10	290290	169169	223223	163163	280282	359361	118134	279279	243243	359399
1	HP24.47	290292	169169	223225	163175	278278	359359	136142	279283	243243	361361
1	HP24.46	288290	169169	223223	163163	280286	359359	136136	279283	243243	361393
1	HP24.45	290290	169169	223223	163171	278280	359359	106138	279281	243243	361363
1	HP24.49	290294	169169	219223	163171	278282	359359	134138	277279	243243	363401
1	HP24.128	290294	163169	223223	163171	280280	359361	134134	279279	241243	395405
1	HP24.129	292296	169169	223225	163171	280282	359359	106132	279279	245245	359361
1	HP24.48	290290	163163	223223	171171	278294	359359	132134	279279	243243	361363
1	HP24.40	292294	163163	199223	163171	276280	359359	134136	279279	243243	359359
1	HP24.50	290290	169169	199223	169171	280280	359359	132134	279279	243243	359365
1	HP24.130	290292	169169	223225	163163	276280	359361	134136	279279	243243	361405
1	HP24.126	290292	167169	223223	163171	280282	359359	106132	279279	243243	361405
1	HP24.41	292292	169169	223223	163171	278280	359359	106136	277279	243243	359361
1	HP24.125	290296	169169	223223	171171	276280	359361	106136	279279	243243	359361
1	HP24.124	292294	169169	223223	163171	278280	359359	106136	277279	243243	359407
1	HP24.123	290294	169169	223223	163171	280282	359359	128142	279281	243243	361403
1	HP24.51	292294	169169	223223	163171	278294	359359	134140	279279	243243	361363
1	HP24.121	290292	167169	223223	163163	280284	359359	106134	279279	243243	363391
1	HP24.39	292294	169169	223223	163171	280280	359359	138138	279279	243243	359403
1	HP24.122	290292	169169	223223	163163	282288	359359	136140	279279	243243	361395
1	HP24.115	290294	163173	223223	163163	280280	359359	136136	279279	243243	361363
1	HP24.109B	292292	167167	199223	171171	292292	359359	128136	279279	243243	361397
1	HP24.109A	290292	169169	223223	171175	270282	359359	136136	279279	243243	359359
1	HP24.28	290292	169169	223223	163173	278280	359359	106130	279279	243243	361361
1	HP24.117	290290	167167	223223	163171	282284	359359	132134	279281	243243	399403
1	HP24.112	290290	167169	223223	163171	278282	359359	136136	279279	243243	361399
1	HP24.116	290294	169169	223225	163171	276280	359359	130130	279279	243243	361403
1	HP24.110	290292	163163	223223	171173	286292	359359	136138	279281	243243	341361
1	HP24.119	290294	169169	223223	163171	282282	359359	132136	279279	243243	361361
1	HP24.22	290292	169169	223223	163163	282286	359359	116138	279279	243243	341363
1	HP24.114	292292	163167	223223	163171	280300	359359	134136	279283	243243	361361
1	HP24.27	290292	169169	221223	171171	280280	359359	118132	279279	243243	361399
1	HP24.118	292294	169169	199223	171171	280298	359359	134138	279281	243243	403407
1	HP24.24	290292	169169	223223	163171	280280	359359	130142	279279	243243	361365
1	HP24.23	290290	167169	223225	171171	278298	359359	128136	279283	243243	361397
1	HP24.108	290294	163163	223225	163163	278282	359359	106140	279279	243243	401401
1	HP24.33	290290	167167	223223	165171	280280	359359	132136	279279	243243	359361
1	HP24.107	290290	163169	223223	163171	276280	359359	106130	279279	243243	361397
1	HP24.103	290290	169169	221223	171175	278298	359359	136142	279281	243243	361405
1	HP24.31	290294	167169	223223	163171	280282	359359	134138	279279	243243	359363
1	HP24.104	292292	167167	223225	163171	280298	359359	136138	279279	243243	365397
1	HP24.38	292294	163169	223223	163163	278280	359359	136136	279279	243243	361395
1	HP24.20	290290	163169	223223	163171	286294	359359	136138	279281	243243	341361
1	HP24.21	290292	169169	223223	163171	280282	359359	120128	279279	243243	361361
1	HP24.18	292294	167169	223223	163171	280282	361361	134136	279283	243243	361405
1	HP24.19	290290	169169	223223	163171	276282	359359	128136	279279	243243	361363
1	HP24.106	290290	163169	223223	163171	276282	359359	134136	279279	243243	359359
1	HP24.105	292292	169169	223223	163171	280282	359359	134136	279279	243243	359405
1	HP24.15	290294	169169	223223	171171	280280	359359	134140	279279	243243	361361
1	HP24.14B	290290	163169	223225	163171	286298	359359	120130	279281	243243	401403
1	HP24.14A	290294	169169	223225	163171	278280	359361	134142	279279	243243	361403
1	HP24.14	290290	163169	223223	163171	278298	359359	120136	279281	243243	403403
1	HP24.1	292292	163169	223223	163171	276280	359359	116132	279279	243243	399399
1	HP24.2	290290	169169	223225	171171	280282	359361	128132	279279	243243	361407
1	HP24.02	288288	163169	223225	171171	280282	359361	128140	279279	243243	401407
1	HP24.11	290290	169169	225225	163171	280282	359359	136138	279279	243243	361361
1	HP24.10	290290	167169	223223	163171	280300	359359	106132	279279	243243	391399
1	HP24.30	290290	163169	225225	163163	280280	359359	134140	279279	243243	357405
1	HP24.3	288290	169169	223223	163171	280280	359359	134134	279279	243243	361363
1	HP24.5	290290	169169	223225	163171	276280	359359	130140	279279	243243	361363
1	HP24.9	290292	169169	223223	163171	278280	359361	138142	269279	243243	363403
1	HP24.8	290294	169169	223223	163171	278280	359359	120134	279281	243243	361361
1	HP24.101	290294	169169	223223	163171	280280	359359	118134	279279	243243	361361
1	HP24.102	290290	167169	223223	163173	280280	359359	134138	279279	243243	361361
1	HP24.100	292294	169169	223223	171171	278280	359359	134140	279279	243243	359361
1	HP24.7B	292294	169169	223225	171171	280298	359361	134136	279283	243243	361361
1	HP24.7A	292294	167169	223223	171171	280298	359361	134136	279283	243243	363405
1	HP24.7	288292	169169	223225	163171	280292	359361	134136	279279	243243	361405
1	HP24.4	290290	163169	199223	163163	280282	359361	134136	279279	243243	361363
1	ZP01	290290	169169	223223	171171	276278	359359	106142	279279	243243	401401
1	ZP02	290290	169169	223223	171171	284304	359359	134138	279279	243243	361361
1	ZP03	290294	167169	223223	171171	284286	359361	138140	279279	243243	401401
1	ZP08	290294	163169	223223	163171	276284	359361	124138	279279	243243	359359
1	ZP20	290292	169169	217223	163163	268304	359361	136138	279279	0	363363
1	ZP09	292294	167167	223225	163163	278280	359359	136136	279279	243243	359359
1	ZP17	290294	167169	223225	171171	278286	359359	140142	279279	0	359359
1	ZP13	288290	167169	223223	163163	280280	359361	136138	279279	0	361369
1	ZP11	290290	169169	223223	171171	256278	359361	134136	279279	243243	359361
1	ZP10	288294	163167	223225	163171	284284	359359	134142	279279	0	0
1	ZP12	292292	167169	217223	163171	280300	359361	134136	277279	243243	0
1	ZP15	288294	163169	223225	163171	280282	359359	134140	279279	243243	359401