Hirtella microsat genotypes															
405	5	14	2	3											
Petit															
Montagne															
Bagne															
Nouragues															
Kaw															
location	plant_code	MYRJ	901_2	G108	O441	GGUE	OINQ	383_4	MFOM	MVFC	1165	NTVY	M4WK	KG8A	G43Q
1	BVunknown1	87111	131133	142142	180180	142145	258264	273273	171177	211226	285288	99099	126126	179179	186186
1	HP1.37	87103	131133	142142	180180	142142	258264	276276	171174	199199	288288	99099	126158	177177	183183
1	HP16.07.08(2)	87087	133133	142142	180180	142142	258258	276276	171174	202202	288291	99099	126136	0	186186
1	HP16.07.08(1)	87087	133133	142142	180180	145151	264264	276276	171174	202208	282288	99099	122126	177177	186186
1	BVA32	87087	133133	142148	177180	142145	258264	273276	171174	208226	288288	96099	126126	173173	186186
1	BVA29	87105	133133	142142	180180	142142	258264	273273	171174	202202	288291	99099	122126	177177	183186
1	HP1.02	101113	133133	144144	180183	142142	258258	273273	171174	208211	285288	99099	126126	177177	186186
1	BVA27	83087	133133	142142	180180	142142	258258	273276	0	202208	288288	99099	126128	177177	183183
1	BVA30	87111	131133	142142	180180	142145	258264	273273	171177	211226	285288	99099	126126	177177	186186
1	HP1.43	99107	133133	142142	180180	139142	258258	273273	171174	199205	288291	96099	126126	173173	0
1	HP1.04	83087	133133	0	180180	142145	258258	273273	171174	208208	288291	96099	126132	177177	186186
1	HP1.03	87103	131133	142142	180180	142142	243258	270276	171171	202202	288288	99099	128158	177177	183183
1	BVAQ2	87103	133133	142148	180180	142142	258264	273276	171174	202202	288288	99102	126158	173173	183183
1	HP1.08	105113	133133	142146	180180	142145	258258	276276	171171	202202	285285	99099	126126	177183	183183
1	HP1.09	87087	0	144146	0	142151	258258	273273	171174	199199	282285	96105	126152	0	0
1	BVB10	101103	131133	138144	180180	142142	258258	273273	171174	199199	288291	96099	126156	177177	183183
1	HPAD6.BV	87087	133133	142142	180180	142151	258258	273276	171174	202211	285288	99099	126126	0	183186
1	HP1.39	103113	131133	142142	180180	142142	258258	276282	171171	202211	285288	99099	126134	181181	183186
1	HP1.23	103113	131131	144144	180183	142142	258258	273276	171171	208211	285288	96099	126134	177177	186186
1	HP1.07	87113	133133	146146	180180	142142	258258	273276	171174	202202	285285	99099	122126	177177	183183
1	BVA50B	87117	131133	142148	180180	142142	258258	273273	174174	202211	288288	99102	126126	177177	183183
1	HP1.21	113117	133133	142148	180180	151151	258264	273273	174174	199199	288294	99102	126150	173173	0
1	HP1.06	87113	133133	142146	180180	142142	258258	276276	171174	199199	285288	99099	126158	175175	183183
1	HP1.42	101103	133133	142146	180180	145151	258258	273276	174174	202208	291291	96096	126134	177177	183183
1	HP1.20	87117	131133	142148	180180	142142	258264	273276	171174	202202	288288	99102	126126	173177	183183
1	HP1.10	87113	131133	142142	180180	142145	264264	273273	171174	208211	285288	99102	126126	177177	183183
1	HP1.35	87087	129129	142142	180180	142142	258264	273276	171174	199199	288291	99102	126126	173173	186186
1	BVA50	87109	133133	142146	180180	139142	258258	273276	174174	208208	285288	99102	126126	173177	186186
1	BVA50A	87109	133133	142142	180180	139142	258258	273276	174174	208208	285288	99102	126126	173173	186186
1	HP1.16	87101	129133	138142	180180	142151	258258	273276	174174	202202	291291	99099	126126	181181	183183
1	HP1.25	107107	131133	142142	180180	139142	264264	273276	174174	202211	282285	99099	122126	179179	0
1	HP1.19	87117	131133	142148	180180	142142	258264	273276	171174	202202	288288	99102	126126	173177	183183
1	HP1.11	101103	131133	0	180180	142142	258258	273273	171174	202202	288291	96099	126156	177177	183183
1	HP1.15	97111	131133	0	180180	142145	258258	276276	171177	202208	285285	105105	126126	177177	183186
1	HP1.12	97111	131133	0	180180	142145	258258	276276	171177	202208	285285	105105	126126	177177	183186
1	HP1.29	87105	133133	142142	180180	142142	258264	273273	174174	202202	288291	99099	122126	0	183186
1	HPAD4.BV	87113	131131	138146	180180	142142	258258	273276	174177	202211	288291	96099	126126	179179	186186
1	HP1.13	87113	131133	0	180180	142142	258258	273273	171174	202202	288291	96099	126134	177179	186186
1	HP1.14	87113	131133	138146	180180	142142	258258	273273	174174	202202	285291	96099	122126	179179	186186
1	BVA3	99113	133133	142142	180180	142142	258264	273276	171174	202202	288288	99102	126136	177177	186186
1	BVA1	87113	133133	142142	180180	142142	258264	273273	171171	202202	285288	99099	136152	177177	186186
1	BVA2	113115	131133	142146	180183	142142	258264	273276	171174	202208	285285	99099	126152	177177	186186
1	HP1.27	83087	133133	0	180180	142142	258258	273276	171174	202208	288288	99099	126128	177177	183183
1	BVA5	87091	133133	144144	180180	0	0	0	0	0	0	0	0	0	186186
1	BVA56	87113	133133	146146	180180	142142	258258	276276	174174	202211	288288	99102	126126	175177	186186
1	BVA43	99105	133133	142142	180180	142145	258258	273273	174174	202208	288291	99102	122126	177177	183183
1	HP2.16	87087	131133	142142	177180	142142	258264	273276	168174	196199	291291	99099	126126	0	183183
1	HP2.18	87101	131133	0	180180	142145	258258	273273	171174	202208	291294	99102	128128	177177	0
1	HP2.72	87105	133133	142142	180180	142142	258264	273276	174177	199199	288288	96099	126134	0	183183
1	HP2.25	87103	129133	0	180180	142142	258264	273273	174174	202202	282291	96099	126126	173177	183183
1	HP2.73	87087	131133	142142	180180	142145	258258	273273	174174	202208	288288	96099	126126	0	186186
1	HP2.28	87107	133133	142142	180180	142145	258258	273273	168174	202208	285291	96099	132136	173177	0
1	HP2.30	103103	131135	142142	180180	139139	243264	273276	174174	202202	285291	99114	122134	177177	183186
1	HP2.29	87113	131133	142142	180180	142145	243258	273273	165174	202208	288291	99099	126126	0	183186
1	HP2.31	89109	129133	144144	180180	142142	258258	273276	171174	202208	285288	96099	122126	177177	0
1	HP2.32	87099	131133	142142	180180	142151	243258	273273	174174	202208	288291	96099	126152	177177	186186
1	HP2.75	87111	131131	0	180180	142145	258258	273273	171171	202208	285288	99102	126126	179179	0
1	HP2.90	87087	133133	0	180180	142145	258264	273273	171174	202202	282288	96102	122126	177177	183186
1	HP2.77	87099	131133	0	180180	139142	258258	273276	174174	202202	288291	99105	122138	177179	0
1	HP2.89	87103	131133	142142	180180	142145	258258	273276	174174	208208	288291	96096	126136	0	183183
1	HP2.79	101105	131133	142144	180180	142142	264264	276276	174177	202202	288291	99099	126136	0	186186
1	HP2.35	87099	133133	142142	180180	142142	258258	273276	174174	202202	288291	99099	120132	177177	183186
1	HP2.87	103109	133133	142142	180180	142145	258258	273273	174174	202208	288291	99099	126126	0	186186
1	HP2.58	109119	133135	146146	180183	145145	258258	273273	174174	202208	288291	102105	122136	0	186186
1	HP2.46	83105	129133	0	180180	139142	258258	276276	171174	202208	276294	99099	126132	173173	183183
1	HP2.59	101109	133133	142144	180180	139142	258258	273273	174174	202208	285288	99105	120126	177177	0
1	HP6.64	87113	129133	146146	180180	142142	258258	273273	171174	202202	285291	96099	126126	0	186186
1	HP6.46	87103	131133	142142	180180	142142	258258	273276	174174	202208	285285	102111	130134	177177	186186
1	HP6.47	109117	133133	142142	180180	142145	258258	273279	171174	202202	291291	96099	126130	173173	183183
1	HP6.51	87103	133133	142142	180180	142145	258258	273276	171174	202208	288291	96099	126132	177177	183183
1	HP6.40	101107	133133	0	180180	145145	258264	273273	174177	202202	285291	96099	120126	175177	183183
1	HP6.70	87103	129133	142142	180180	142145	258258	273273	171174	202208	288288	99105	126126	177177	186186
1	HP6.36	87097	133133	142146	180180	142142	258258	273273	171171	208208	285285	90099	126126	177177	183183
1	HP6.A22	101101	133133	142142	180180	142142	243264	276276	171171	202208	288291	96099	122128	177177	183183
1	HP6.28	101109	133133	144144	180180	142145	258258	273276	174174	208208	282291	99099	122130	0	186186
1	HP6.13	103103	133133	142142	180180	139145	258264	273276	171174	202202	288294	99105	120126	177177	183183
1	HP6.19	113115	133133	142142	180180	142145	258264	273276	171171	202208	285288	99099	126134	0	183183
1	HP6.18	87109	131133	142142	180183	142145	258258	273273	171177	208208	288291	96099	122126	173173	186186
1	HP6.11	87099	133133	146146	180180	142145	258258	273273	171174	202202	288294	96099	126126	177177	186186
1	HP6.9	87113	133133	144144	180183	142145	258258	273276	165174	208211	282282	99111	126126	177177	186186
1	HP6.10	91105	131133	140140	180180	142142	258258	273273	171171	202208	288288	96111	126126	175177	183183
1	HP6.7	99101	131133	142142	180180	142145	258258	276276	174174	202208	285288	96102	122126	177177	183183
1	HP6.5	91109	133133	142142	177177	139145	258264	276276	168171	196199	294294	99099	122126	175175	0
1	HP7.40	87089	131133	142142	180180	142145	258258	273276	174174	208211	288288	96099	122126	179179	0
1	HP7.35	99103	131133	142142	180180	142142	258264	273273	174174	199199	285288	99099	122150	0	183183
1	HP7.82	83087	129135	142142	180180	142145	264264	273276	171171	208208	291291	99111	126130	177177	183183
1	HP7.83	111113	133133	142142	180180	142145	258258	273276	171174	202208	285291	102102	126134	179179	0
1	HP7.48	87099	129131	0	180180	142145	258258	273273	174174	199199	276291	99099	126132	175175	186186
1	HP7.31	83099	133133	142142	180180	145145	258258	273273	171174	202208	285291	96099	126126	0	183183
1	HP7.23	87089	131133	0	180180	145145	258258	270273	174177	202208	285291	96099	122126	179179	183183
1	HP7.74	99103	133133	142144	180183	139145	258264	273273	171171	202211	282294	99111	126126	177177	186186
1	HP7.62	99111	129133	142142	180183	142142	258264	273273	174174	202211	282288	96099	126126	177177	183183
1	HP7.42	87111	131135	142142	180183	145151	258264	273276	171174	211211	282291	96099	126126	175175	0
1	HP7.80	101109	133133	138142	180180	142145	258258	273276	174174	202202	282291	96099	126136	0	183183
1	HP7.09	99109	133133	142142	180180	142145	258258	273273	171177	202208	282288	99102	122126	0	186186
1	HP7.81	83111	131133	142142	180183	142145	258258	273276	171177	199199	288288	99102	126126	177177	183186
1	HP7.57	93103	133133	142144	180180	142142	264264	273273	171171	208208	282285	99099	134134	0	186186
1	HP7.04	87109	131133	144144	180180	142145	0	273273	171171	202208	282291	96099	122126	173177	183183
1	HP7.79	103121	131133	0	180183	145145	258264	273273	171171	202208	288294	99099	126126	177177	186186
1	HP7.C23	87087	133133	142144	180180	142142	258258	273273	165174	199199	285291	99099	122132	173173	0
1	HP7.78	87101	133133	142142	180180	145145	258258	273273	174174	199199	288291	99099	126126	0	183183
1	HP7.02	83101	133135	142142	180180	142145	258258	273273	174174	202202	285288	99099	122128	0	183183
1	HP7.77	113113	133133	142142	180180	142145	258258	273276	174174	202211	285285	99105	126126	0	186186
1	PTS.13.05.01	0	0	142142	180180	142145	0	273276	0	0	288288	99099	0	173173	186186
1	HP9.M4	91111	133133	142146	180183	145145	258264	273276	171171	202208	288291	99099	136138	177177	183186
1	HP9.32	87113	131133	142148	180180	145151	258258	273273	171171	202202	288291	99099	126126	177177	183186
1	HP9.M13	87111	133133	142146	180180	142145	243258	273273	171174	202208	291291	99099	126136	173177	186186
1	HP9.34	87105	133133	142144	180180	142145	258264	273273	171174	202202	282288	96111	126132	179179	0
1	HP9.30	101107	129133	144144	180180	151151	243264	273273	171174	202202	285288	96102	122126	177179	186186
1	PTS.13.12.01	87113	131133	142142	180180	145151	258258	273273	171171	202202	288291	99099	126126	177177	183186
1	HP9.31	105115	133133	144148	180180	142145	258258	273282	174174	202208	285288	99111	126126	177177	183186
1	HP9.29	101109	131131	146146	180180	142145	264264	273273	171174	202211	288294	99102	122126	177177	186186
1	HP9.M3	107111	131131	142148	180183	142142	258258	273273	174174	202202	282288	96099	122126	177177	186186
1	PTS.13.21.01	101101	129133	142144	180180	145151	258264	273276	171174	202202	285285	99102	126126	179179	186186
1	HP9.26	87107	133135	142142	180180	142145	258258	273273	174174	202208	288288	96099	128136	177177	186186
1	HP9.35	109109	129133	142142	180180	142142	258258	273273	174174	202208	282288	99099	126132	179179	183183
1	HP9.14	91111	133133	142146	180180	142151	258264	276276	171174	202211	282294	99102	126126	173177	183186
1	HP9.13	87113	129133	142146	180180	145145	258264	273273	165177	202211	288291	102105	126126	173177	183186
1	HP9.15	87087	133133	142142	180180	142145	258258	273273	171171	208211	291291	99099	122152	175175	186186
1	HP9.12	87087	131133	142142	180180	142142	258264	273273	171174	202226	285291	99099	126126	179179	186186
1	HP9.AB	87087	133133	142142	180180	142145	258264	273273	171174	202202	288288	99099	126132	0	186186
1	HP9.16	87113	133133	142142	180180	142151	258258	273276	171174	202211	285288	99099	126126	177177	183186
1	HP9.08	87113	129133	142148	180180	142145	258258	276276	171174	202202	288291	99099	122126	177177	0
1	HP9.07	87109	129133	142142	180180	142142	0	273276	174174	0	0	96099	126126	179179	0
1	HP9.10	101109	133133	0	180180	142145	258258	273273	174174	202208	288288	96099	126132	177177	183186
1	HP9.AC	93109	133133	0	180180	142145	258258	273273	171174	202202	291291	99102	122126	181181	183186
1	HP9.24	101107	131133	144144	180183	142145	258258	273273	171174	202208	288288	99099	126126	177177	183186
1	HP9.17	107117	133133	142142	180180	142142	258264	273273	174174	202202	285285	99099	126126	177181	186186
1	PTS.13.63.01	103111	137137	144144	180180	142148	258264	276276	171171	202208	288291	99102	126126	177177	186186
1	HP9.11	0	0	142142	0	145145	258258	273276	174174	202208	288288	99102	126126	173173	186186
1	HP9.M5	83087	129133	142148	180180	145151	264264	273273	171171	208208	282288	99108	126162	173179	183183
1	HP9.39	0	0	144146	180180	0	258258	273273	0	0	0	0	0	179179	0
1	HP9.21	83107	131133	142148	180180	142145	258258	273276	174174	202202	288291	99108	122126	177177	183183
1	HP9.40	83087	129133	142148	180180	145151	264264	273276	171174	208208	282291	99099	126162	173173	183183
1	HP9.06	87087	133133	142144	180183	142151	258258	273276	171174	202211	282288	99099	120126	177177	186186
1	HP9.23	87113	129133	146148	180180	142151	258258	273273	165174	202208	285291	99099	126126	175179	186186
1	HP9.09	87109	131133	146146	180180	145145	258264	273273	171174	202211	285294	99102	122126	177177	186186
1	HP9.05	87087	129131	142144	180180	142142	258258	273279	171177	202202	291294	90099	126126	177177	0
1	HP9.04	0	131133	0	180180	0	0	0	0	0	288288	0	0	179179	186186
1	HP9.M14	101109	131133	144144	180180	142142	264264	273276	174174	208208	288288	99102	126126	177177	183186
1	HP9.37	87113	133135	142142	180180	145145	258258	273276	171171	202208	288288	96099	126132	0	186186
1	HP9.M7	109115	133133	142142	180180	142145	264264	276276	165174	202208	291291	96099	126128	177177	186186
1	HP9.03	109113	131133	142146	180180	145145	258264	273276	171171	202208	288294	96099	126128	177177	183186
1	HP9.02	87101	129133	142144	180180	142145	258258	273273	174174	202208	288291	99102	126132	177179	186186
1	HP9.36	83083	0	146146	180180	145145	243258	273276	171171	202202	285288	96099	126126	177177	183186
1	HP9.01	103109	131131	142146	180180	145145	258264	273273	171171	202208	291294	99102	126128	177177	183183
1	HP9.M11	87087	133133	146146	180180	142148	258258	273273	171174	202202	282288	99099	126126	173173	183183
1	HP11.18	87103	129133	142142	180180	142142	258264	273273	174174	202202	285288	99102	126126	0	183183
1	HP11.16	87105	133133	142142	180180	142151	258258	273273	174177	199199	282285	96099	126126	177177	183186
1	HP11.41	87095	129133	142142	180180	142142	258264	273276	171174	199199	285285	99099	126134	177177	186186
1	HP11.52	87109	133133	142142	180180	142145	258264	273276	171171	202208	285288	99099	126134	0	186186
1	HP11.20	87087	133133	142142	180180	142142	258258	276276	171171	199199	285291	99099	134134	177177	183183
1	HP11.31	103109	131131	142142	180180	142145	258264	276276	171174	202208	285288	99108	126126	0	186186
1	HP11.32	0	133133	0	180180	145145	258258	276282	171174	202208	291294	99099	126136	179179	186186
1	HP11.30	103121	131133	142142	180180	145151	258258	270276	171174	202229	285291	99099	126136	0	186186
1	HP11.33	107113	131133	144144	180180	142151	258258	276285	171177	202208	285288	99099	126136	0	186186
1	HP24.?	87103	133133	142142	180180	142151	258258	273273	171174	199199	285288	99102	122128	177177	183186
1	HP24.47	91113	131131	142142	177180	142145	258258	273276	165174	208211	288288	99099	126134	177177	186186
1	HP24.46	105113	131133	0	180180	145145	258258	273276	171177	202208	282285	102102	126130	179179	186186
1	HP24.45	87097	131133	148148	180183	145145	258258	273273	171177	202202	288291	99099	122134	173177	186186
1	HP24.49	109111	131133	142142	180183	142142	258258	273276	171174	202208	282291	99102	120126	179179	186186
1	HP24.128	83111	133133	142142	180180	145145	258258	273276	168174	202202	285294	99102	126126	177177	0
1	HP24.129	83099	129133	142142	180180	145145	258264	273276	174174	202202	285288	99102	126128	177177	0
1	HP24.48	87113	131131	142148	180183	145145	258258	273273	171174	199199	285288	99099	122126	173173	186186
1	HP24.127	87105	131133	142142	180180	142151	258258	273276	174174	202208	288294	99102	126128	0	183186
1	HP24.40	83103	131133	142144	180180	142145	264264	273276	171171	202202	288291	102105	126128	177177	183183
1	HP24.50	87103	133135	0	180180	142145	258258	273273	171171	202202	288291	99099	132132	177177	186186
1	HP24.130	101111	133133	0	180183	142145	258258	273276	171171	202208	291291	99102	120126	177177	186186
1	HP24.126	101111	129133	138138	180180	142145	264264	273273	174174	202208	285288	93102	126128	179179	183183
1	HP24.41	87087	129133	138138	180183	142145	258258	273276	171174	199199	288294	99105	126136	177177	180180
1	HP24.125	87103	129131	138142	180180	142142	258258	273276	171171	199199	288291	99099	126136	177177	0
1	HP24.124	87087	129133	138138	180183	142145	258258	273276	171174	202202	288294	99105	126136	177177	180180
1	HP24.123	83103	131133	142144	180180	142145	264264	273276	171171	202202	288291	102105	126128	177177	183183
1	HP24.51	87103	133135	142142	180180	142142	258258	273273	171171	202208	291291	99099	126132	177177	183186
1	HP24.121	87099	131133	142142	180180	142142	258258	273273	171174	202211	285294	99099	122126	179179	0
1	HP24.39	99115	133133	134134	180180	142142	258258	273273	171174	202202	285288	99102	126130	177177	183183
1	HP24.122	99111	133133	0	180180	142145	258258	273273	174177	208211	285288	96099	126126	179179	0
1	HP24.113	99111	133133	142142	180183	142145	258258	273273	174177	208211	288297	99099	126126	0	186186
1	HP24.115	87103	133133	142142	180180	142145	258258	273273	0	0	0	0	0	177179	183186
1	HP24.109B	103111	131133	146146	180183	142145	258258	276276	171171	199199	285288	99099	126126	0	186186
1	HP24.109A	103111	131133	146146	180183	142145	258258	276276	171171	202202	285288	99099	126126	0	186186
1	HP24.28	87105	129131	144144	180180	145145	264264	273273	174177	202208	288291	99102	126150	177177	183186
1	HP24.117	87087	133133	148148	180180	142142	258258	273273	165171	202208	285294	96099	122152	173173	183183
1	HP24.112	87111	131133	0	180180	139145	258264	273276	168174	202208	288291	99099	126126	179179	186186
1	HP24.116	87103	133133	142142	180180	142151	258258	273273	171174	202202	285288	99102	122128	177177	183186
1	HP24.111	101111	133133	148148	180180	139145	258258	273276	171174	202208	282291	99099	126126	177177	183186
1	HP24.110	83101	131133	136136	180180	142142	258258	273276	171171	208208	285291	102108	122126	0	183186
1	HP24.119	87109	133133	142142	180180	142145	258258	273273	171174	211211	285288	99102	126136	177177	189189
1	HP24.22	87115	131133	142142	180180	142145	258258	273273	171174	202208	288291	99099	126126	177177	0
1	HP24.A11	83101	131133	136136	180180	142142	258258	273276	171171	208208	285291	102108	122126	0	183186
1	HP24.114	87111	133133	142142	180180	142151	258258	273273	174177	202211	285297	99102	126128	0	186186
1	HP24.27	87103	133133	0	180180	142142	258258	273273	165177	202208	282288	99099	130132	177177	186186
1	HP24.118	83087	133133	142142	180183	142145	258258	273276	171174	202202	285288	102105	126126	177177	0
1	HP24.24	101115	129133	142142	180180	139142	258258	273273	171174	208211	285291	99105	126150	0	186186
1	HP24.23	109109	133133	142142	180180	142142	258258	273273	171174	202208	285291	99102	126126	177177	186186
1	HP24.108	109121	131131	142142	180180	142142	258258	273282	174174	208208	282285	99102	126126	177177	0
1	HP24.33	87107	131133	142142	180180	142145	258258	273273	174174	202202	288288	99099	128128	177177	183183
1	HP24.107	87103	131133	142142	180180	142142	258258	273273	174177	208208	285291	99102	122134	173177	183186
1	HP24.103	97099	129133	146146	180180	142145	258258	273273	171174	202202	288288	99099	122126	0	186186
1	HP24.31	103103	133133	142142	180180	142142	258258	273273	174177	208208	282285	99102	122152	0	183186
1	HP24.104	103113	133133	142144	180180	142145	258258	273273	171174	208208	285291	96099	126126	0	186186
1	HP24.38	113115	133133	142142	180180	142142	258258	273276	165174	208208	288288	96099	126126	173177	186186
1	HP24.20	103105	131133	0	180180	142145	258258	273279	171174	202208	288288	96102	128130	177177	183183
1	HP24.21	97109	129129	0	180183	142142	258264	273273	171174	202202	288288	99099	122122	177181	0
1	HP24.18	101109	129133	142148	180180	139142	258258	273276	174177	208208	282291	99099	126126	177177	183186
1	HP24.19	101105	133133	142144	180180	142145	258258	273273	174174	202214	285291	96099	126134	179179	183183
1	HP24.106	101105	131133	0	180180	142142	258258	273276	174174	202208	285288	96096	122122	177177	183186
1	HP24.105	83087	131133	0	180180	142145	258264	273273	171174	202220	291291	99099	126132	177177	183186
1	HP24.15	87087	131133	142142	180180	142145	258258	273273	171174	202208	288294	99099	122126	179179	186186
1	HP24.14B	83083	133133	142142	180180	142145	258258	273276	171174	202202	285288	90096	126126	177177	186186
1	HP24.14A	83109	133133	142142	180180	142145	258258	273276	171174	202202	285288	90096	126126	177177	186186
1	HP24.14	83109	133133	142142	180180	142145	258258	273276	171174	202202	285288	90096	126126	177177	186186
1	HP24.1	87103	131133	140140	180180	142142	258258	273273	174174	202208	282288	99099	126130	177177	183183
1	HP24.2	87099	133133	142146	180180	145145	258258	273273	174177	196202	285294	99099	126126	0	186186
1	HP24.10	99103	133133	0	180180	142151	258258	276276	171174	202208	282291	99105	130132	177177	0
1	HP24.30	87109	129133	142142	180180	142145	258258	273276	171174	202202	285288	96099	126150	177177	183183
1	HP24.3	87103	131133	142142	180180	142145	258258	276276	171174	208211	285291	102105	126126	173173	186186
1	HP24.5	87101	133133	142142	180180	142142	258258	273276	165174	202208	285288	99102	122126	177179	186186
1	HP24.9	87103	133133	142142	180180	142145	258258	273273	171174	208208	288291	99099	122126	177177	0
1	HP24.8	87087	131133	142142	180180	151151	258258	276276	171174	202211	288288	99111	122126	179179	186186
1	HP24.101	83103	131133	142142	177180	142145	258258	273276	171174	208208	288291	96105	126126	173173	0
1	HP24.102	83111	133133	142142	177180	142145	258258	273273	171174	208211	288288	96099	126126	0	186186
1	HP24.100	83083	131133	142142	180180	142142	258258	273276	174177	202208	288288	99099	126126	177177	183183
1	HP24.7B	87103	133133	0	180183	139145	258258	273273	171174	208208	288291	96102	122126	177177	183183
1	HP24.7A	87103	133133	0	180180	139145	258258	273273	171174	208208	288291	96102	122126	177177	183183
1	HP24.7	87103	133133	0	180183	139145	249258	273273	171174	208208	288291	96102	122126	177177	177183
1	HP24.4	87103	133133	142142	180180	142151	258264	276276	174174	202208	285288	99099	122152	179179	186186
1	HP24.6	99103	133133	0	180180	142145	249258	273273	171174	202208	288291	99099	126126	177177	183183
1	ZP01	105109	131133	142142	180180	142142	258264	273276	165171	199199	288288	99102	126132	175175	183186
1	ZP02	87099	129133	142142	180180	139142	258258	273273	171174	202211	288288	96099	122122	173173	183183
1	ZP03	83103	133133	144144	180180	142145	258258	273276	174174	199199	285285	99111	128134	0	183186
1	ZP08	83087	131135	144144	180180	142142	258264	0	171174	202211	288291	96099	116134	179179	186186
1	ZP20	99111	133133	142144	180183	142142	258258	0	174177	202211	291294	99102	126126	177177	183183
1	ZP09	0	133133	0	180180	142142	258258	273273	174174	0	285291	99099	0	0	183183
1	ZP17	87107	131133	142144	180180	139142	258258	273276	171177	211211	285285	99102	126130	0	186186
1	ZP13	87097	133133	142146	180180	145148	258258	273276	171174	208223	285288	99099	122122	177177	186186
1	ZP11	113115	129133	142142	180180	142145	258264	273276	171171	202208	288288	99099	126128	177177	186186
1	ZP10	0	0	142142	180180	0	0	0	0	0	0	99099	0	177177	0
1	ZP12	87107	133133	142142	180183	142145	258258	273276	174177	202208	288288	99105	126126	0	183183
1	ZP15	109113	131133	142142	180180	142145	258258	276279	171171	202202	288291	99102	126126	0	183183
2	HPdef3	87099	131133	142142	180180	142142	264264	273273	174174	202211	291291	99099	122134	179179	0
2	HPdef1	87113	133133	0	180180	145145	258258	273276	174177	208208	285288	99099	126132	173173	186186
2	HPdef4	99107	133133	142146	180180	142142	258264	273273	168174	202202	291294	99099	122126	173177	0
2	PTS15.03.01.2	87103	131133	144146	180180	139142	258258	273276	171174	202211	285288	99099	126126	173177	0
2	PTS15.02.01	83103	133133	142144	180180	142142	264264	276276	174174	202202	285288	90096	126126	179179	183186
2	HPdef5	87099	129135	142142	180180	142142	258258	273276	174174	202208	288291	99099	126126	177177	183183
2	HPdef6	101113	133133	0	180180	142142	243264	273276	174174	202208	285288	99099	122134	179179	183183
2	PTS15.83.01	113113	129133	142142	180180	145151	258264	276276	165174	211211	285285	96099	126126	179179	183183
2	HPdef7	89103	129133	142144	180180	133151	243258	273276	174177	208211	285285	99099	126132	177177	0
2	HPdef14	87087	129131	144144	180180	142142	258258	276276	171171	202211	285285	99099	122122	177177	186186
2	HPdef12	87087	133133	142142	180180	142142	258258	273276	171177	199199	285288	99099	126126	177177	183186
2	HPdef15	87087	129133	142142	180180	142142	258258	273276	171171	211211	285288	93096	122126	177177	0
2	HPdef13	85087	133133	142142	180180	145151	258258	273273	171171	202208	288288	99099	126126	0	186186
2	HPdef10	103109	129129	144144	180180	145145	258258	273273	174174	202208	282285	99099	122126	179179	186186
2	PTS15.88.02	87109	129129	142144	180180	139142	258264	273276	174174	202208	288291	99099	126128	173173	186186
2	MSB3	87111	129133	142142	180180	145145	258258	273273	171174	202211	282288	99111	126126	177177	186186
2	MSB1	87107	129133	142142	180180	142145	258258	270276	171174	202208	282291	96099	122126	179179	0
2	MSB4	85087	129133	142142	180180	145145	243258	273273	171171	202211	282288	96099	126126	173173	0
2	MSB5	107113	131133	146146	180180	145145	243264	273276	171174	202202	285288	99099	126134	179179	186186
2	MSB2	83115	133133	0	180183	139142	258258	273273	171174	202211	285288	99111	126132	179181	186186
2	HPMS2	87107	133133	142146	180180	145151	258258	0	174174	211211	285288	96099	126134	179179	186186
2	HPMS4	87105	129133	142144	180180	142142	258258	273276	174174	202211	285288	96099	126132	177177	186186
2	HPMS5	103103	129133	142144	180180	142145	264264	273273	174174	208208	285288	99099	126132	177177	183183
2	HPMS10	87113	133135	142142	180180	139145	258258	273276	165171	202202	285288	99099	126134	177177	0
2	HPMS6	107107	131133	0	180180	142145	258258	273279	171174	208208	285294	99099	126126	177177	0
3	BA02	87111	133133	0	180180	142142	258258	273273	174174	202202	285285	99099	122126	179179	186186
3	BA03	95095	133133	0	180180	142148	264264	273273	171171	202208	288288	99102	132134	173179	186186
3	BA01	93095	133133	0	180180	142151	258264	273273	171171	202208	285288	96099	122132	173173	186186
3	BA05	83087	129133	0	180180	142142	258264	273273	171174	202202	288288	99099	122126	177177	183183
3	BA12	87087	131133	0	180180	142145	258258	273276	174174	208211	285285	99102	122130	0	186186
3	BA10	87087	133133	0	180180	142142	258264	273273	171174	202208	285285	99102	122126	0	186186
3	BA04	87111	131131	142142	180180	145151	258264	273276	174174	211211	285285	99102	126130	179179	0
3	BA07	99099	129133	142142	180180	142145	258258	273276	174174	202208	288288	99102	122136	179179	186186
3	BA06	87087	133133	0	180180	139142	258258	273273	171174	202208	288288	99102	122122	0	186186
3	BA08	87087	129133	144144	180180	142142	258258	273276	174174	202202	285285	99102	126144	0	183183
3	BA11	0	129129	144144	180180	142142	258258	276276	171174	208208	285285	102102	126132	0	0
3	BA09	87087	129133	0	180183	142142	258258	273273	174174	202208	288288	96102	122126	0	186186
4	n058	87089	133133	142142	180180	142145	258258	273273	165171	202208	285288	99099	126126	177177	186186
4	n306	105113	133133	144144	180180	145151	258258	273273	165174	208211	285288	96102	128132	177177	186186
4	n302	111119	133133	142142	180180	142145	258264	273273	171171	202208	285288	99105	126130	179179	186186
4	n305	107119	133133	142142	180180	142145	258258	273273	165174	208211	285288	102102	126126	0	186186
4	n304	109119	133133	142142	180180	142145	258258	273273	165174	208211	285288	99102	132134	177177	183183
4	n303	105119	133133	142144	180180	142145	258258	273273	165174	208208	285285	102102	126134	177177	183183
4	n319	87097	129133	142142	180180	139142	258258	273273	171174	208220	288288	99102	130132	0	183186
4	n067	87097	131133	142142	180180	142145	258258	273273	171174	208208	288288	102102	122132	179179	183183
4	n068	87111	131133	142142	168180	142145	258258	273273	165174	202208	282288	99102	128132	179179	183183
4	n136	87111	133133	142142	180180	139151	258258	273273	171174	211220	288291	99102	132132	179179	183186
4	n135	95105	129133	144144	180180	145151	258258	273273	171174	202211	285288	99105	122126	179179	183186
4	n137	87111	129135	0	180180	145145	258258	273273	171174	208208	288291	99102	126132	179179	183183
4	n134	97111	129133	0	180180	145145	258264	273273	171174	208208	288291	102105	126132	179179	183183
4	n299	111111	133133	0	180180	142145	258258	273273	171171	202211	288288	99102	126130	179179	180180
4	n301	87101	131133	148148	180183	142145	258258	273273	171174	202211	288288	99099	126126	177177	186186
4	n235	89113	129131	0	180180	142145	258264	273273	171171	202208	285285	99102	122126	173179	183183
4	n179	87087	129133	142144	180183	142142	264264	273273	171174	202208	288291	99099	122126	179179	180180
4	n178	87087	131133	142142	180180	142145	264264	273273	174174	202211	291291	99102	122130	177177	183183
4	n066	109119	133133	142142	180180	142145	258258	273273	165174	208211	285288	99102	132134	177177	183183
4	n236	87089	129131	0	180180	142151	264264	273273	171171	202208	285288	102105	126126	179179	0
4	n237	111111	129133	0	180180	145151	258258	273273	171174	208211	288291	99099	122130	179179	180180
4	n292	87089	133133	142142	180180	139145	243258	0	171174	211214	0	102105	126126	0	186186
4	n019	113117	131131	142142	180180	142145	258258	270273	171171	202211	285288	99102	126132	0	183186
4	n175	119119	133133	142142	180180	139142	258258	273273	171174	202202	285285	99102	122128	179179	183186
4	n018	113119	131133	142142	180180	139142	258258	273276	171171	202214	285288	99105	122126	179179	186186
4	n238	87087	0	142144	180180	142142	258258	273273	165171	202211	282288	99099	128148	179179	186186
4	n245	87097	133133	0	180180	142142	258258	273276	171174	208211	285291	99099	126132	179179	186186
4	n239	87117	133133	142144	180180	142145	258264	273276	174174	208208	285288	99102	122132	177179	183183
4	n244	87087	133133	0	168180	142145	258264	273273	171174	202211	285291	96099	126132	179179	186186
4	n064	87111	131133	142146	180180	142142	258258	273273	171171	202208	285288	99102	126128	173173	183183
4	n243	105109	129133	144144	180180	139142	258258	273276	174174	202208	285288	99099	122148	0	183183
4	n242	105105	133133	142144	168180	142142	258258	273273	165171	202202	285285	99099	122126	0	183183
4	n133	109111	133133	0	180180	139142	258264	273273	171174	202208	285288	99102	130134	173173	186186
4	n065	105111	133133	144146	180180	142142	258258	276276	171174	199205	285291	99099	130132	173177	183186
4	n318	99113	131133	142142	180180	142145	258264	273273	171171	211211	288288	99102	126130	173177	186186
4	n176	105111	133133	144144	180180	142151	258258	273273	171171	208211	285291	96102	122126	179179	183186
4	n241	111111	133133	146146	180180	139142	258258	273273	165171	208208	285288	99102	126126	173173	183183
4	n177	109113	133133	0	180180	142142	258264	273273	171174	208211	285288	99105	122126	177177	186186
4	n240	111111	133133	146146	180180	139145	258258	273273	171174	208208	285285	99099	126126	179179	186186
4	n316	87089	133133	142144	180180	142145	258258	273273	171171	202202	285288	99099	130130	173177	183183
4	n317	87097	131133	142142	180180	142142	258264	273273	171171	202208	288288	99099	122130	173173	183183
4	n315	87089	129133	142144	180180	142145	258258	273276	171174	202208	285288	99099	126130	177177	183183
4	n246	89091	133133	0	180180	142142	258258	273273	171174	202208	288288	99099	126128	177177	186186
4	n320	0	0	0	180180	0	0	273276	0	0	0	99099	126126	179179	183183
4	n297	105111	133133	144144	180180	142145	258258	273273	171174	202208	285288	102102	126128	177177	186186
4	n300	111119	133133	142142	180180	142145	258258	273273	171174	202202	285288	99102	122128	173173	186186
4	n298	87111	133133	142142	180180	142145	258258	273276	174174	202202	285288	102102	126126	177177	186186
4	n001	87115	129133	0	180180	142145	258258	273273	171171	202208	288291	90099	130134	179179	186186
4	n234	89111	133133	0	180183	142145	258258	273273	174174	202208	288288	99102	126128	179179	183186
4	n293	0	0	142142	180180	145145	258258	0	174174	208208	285285	99102	126126	0	183183
4	n296	101107	133133	142146	180180	145151	258258	273273	174174	202208	285288	102102	122126	177177	183183
4	n248	87105	129133	142142	180180	142142	258258	273273	165171	202202	285288	99102	126132	173173	183183
4	n041	87089	133133	142142	180180	142145	258258	273273	171171	202208	285285	102102	126134	177177	183183
4	n040	89099	129129	0	180180	145145	258258	273273	171171	208214	285288	99102	126130	179179	186186
4	n037	89117	133133	142144	180180	142142	258264	273273	171174	208208	285288	102105	126126	179179	183183
4	n038	87117	129131	142142	180180	145145	258258	273273	165171	202214	285288	99102	122126	177179	183183
4	n039	83117	129129	144144	180180	142145	258258	273276	171174	202202	288288	99099	126132	179179	183183
4	n260	113117	133135	142142	180180	142142	258258	273273	165174	208211	285288	99099	126126	179179	183183
4	n115	85097	133133	142142	180180	142145	258258	273285	165171	202211	288288	87099	126128	179179	0
4	n114	97097	129133	142144	180180	142142	258264	273273	171174	208208	288291	102102	126126	0	0
4	n116	87107	129131	0	180180	142142	258258	273273	171174	202202	288288	99099	122126	179179	186186
4	n113	87097	129133	142142	180180	142142	258258	273273	171174	202208	288288	99102	122126	177179	0
4	n112	97105	129133	142142	180180	142142	258258	273273	171174	202208	285288	87099	126130	179179	186186
4	n111	97109	129135	142142	180180	142142	258258	273273	171174	202208	285285	99102	148148	179179	0
4	n104	87111	133133	0	180180	142145	258258	273273	171171	202208	285285	99102	128150	0	183186
4	n103	83097	133133	142142	180180	142151	258258	273276	174174	202208	285288	99102	126126	179179	183186
4	n105	87097	133135	142142	180180	142142	258258	273276	174174	208214	285285	99099	126130	179179	186186
4	n106	87087	133135	142142	180180	142142	258258	273276	171174	208214	288288	99099	122126	0	186186
4	n102	87087	129133	0	180180	145145	258258	273273	171174	202208	285285	99099	122126	177177	183186
4	n100	109115	133133	0	180180	139142	258258	273273	171174	208208	285288	96099	126130	179179	186186
4	n101	87097	133135	142142	180180	142145	258258	273273	171174	208214	285285	99099	126126	177177	183186
4	n099	87087	133133	0	180180	139142	258258	273273	171174	208220	285288	96099	122126	179179	183186
4	n098	109119	129133	150150	180183	139142	258258	273273	171174	208208	288291	99099	126126	177179	183183
4	n097	87109	133133	0	180180	139142	258258	273273	171174	208208	285288	96099	126126	177177	183183
4	n091	87087	133135	142142	180180	142145	258258	0	174174	202214	288288	99105	142148	179179	186186
4	n092	87113	133133	142142	180180	142142	258258	276276	165174	202208	288294	99099	126126	177177	183186
4	n096	87105	133133	142142	180180	145151	258258	273276	171174	202214	285288	99105	122148	179179	183186
4	n125	87103	133133	0	180180	142151	258258	0	174174	208208	0	96102	126126	173179	0
4	n093	87109	133133	142142	180180	142145	258258	273276	171174	199199	285288	99099	126142	177177	186186
4	n094	87097	133135	142142	180180	142142	258258	273276	171174	202202	285288	99102	126148	177179	186186
4	n081	0	133133	142142	180180	151151	258258	273276	174174	202208	285285	99099	122126	177177	186186
4	n079	87087	133133	0	180180	142145	258264	276276	171171	202211	285285	90099	122126	177177	186186
4	n095	97121	133133	142144	180180	142142	258258	273276	171174	208214	285285	99099	122126	179181	186186
4	n080	0	133133	0	180180	0	258258	273273	165174	202202	0	0	126126	0	186186
4	n107	87107	133135	142142	180180	142142	258258	273276	171174	208214	285285	99099	122126	0	186186
4	n078	97109	133135	142142	180180	142145	258258	273273	171171	208211	285285	96099	126126	177177	183186
4	n108	83087	133133	144144	180180	142151	258258	273273	174174	202208	285288	96096	122126	177177	183183
4	n109	83087	133133	144144	180183	142142	258258	273273	171174	202208	285288	96096	126126	177177	186186
4	n073	107117	133133	142142	180180	142151	258258	273273	171174	202202	285288	99102	126126	179179	183183
4	n127	109111	133133	0	180180	142151	258258	273273	174174	202211	288291	99099	126130	179179	183183
4	n074	0	133133	142142	180180	142151	258258	273276	171174	202211	285288	96099	126130	0	183186
4	n163	107109	133133	0	180180	142142	258258	276276	171174	202214	285285	102102	126148	179179	183183
4	n110	87087	129135	142142	180180	142142	258258	273276	171174	202208	288288	99102	126126	179179	183186
4	n075b	109109	129133	0	180180	142151	258258	273273	171174	202208	288288	99099	122126	179179	183183
4	n075	87109	129135	142142	180180	139142	258258	273276	174174	208214	288288	99099	122126	179179	0
4	n076	87109	131133	0	180180	142145	258258	273276	171174	202208	285285	99099	126148	177177	183183
4	n089	87087	133133	142142	180180	142142	258258	273273	171171	202202	285285	96102	122126	177177	183183
4	n088	87087	133133	142144	180180	142145	258258	273273	171171	202202	285297	96102	126126	177177	183183
4	n126	87087	133133	142144	180180	142145	258258	0	171174	202202	285288	102102	126126	177177	183183
4	n085	87117	133133	140142	180180	142142	258264	276276	171171	202202	285288	99102	126126	177177	183183
4	n084	87087	133133	142142	180180	142142	258258	276276	171171	202202	285288	96102	122126	177177	186186
4	n090	87089	133133	142142	180180	142142	258258	276276	171171	202202	285288	96102	122126	177177	186186
4	n086	87109	133133	140142	180180	142142	264264	273273	171171	202208	285285	102102	126130	179179	186186
4	n087	87087	133133	0	180183	151151	258258	276276	174174	208208	288291	99099	126150	177177	183183
4	n082	87087	129133	142142	180180	142151	258258	273273	171174	208211	0	99099	126126	0	186186
4	n083	87115	129133	0	180180	151151	258258	270273	171174	202211	285288	96099	126126	177177	183183
4	n128	103111	133133	0	180180	139151	258258	273273	165171	202202	288288	99102	128130	179179	186186
5	HPFOU.03	103103	133133	0	180180	142142	258258	273276	174174	202208	288288	96099	128132	177177	183183
5	HPFOU.02	103109	133133	142142	180180	142151	258258	273276	174174	208208	288291	99099	126130	179179	0
5	HPFOU.04	87103	133133	142142	180183	151151	258258	273273	174174	208208	285288	99099	126126	177177	186186
5	HPFOU.08	87103	129133	142142	180180	151151	258258	273273	174174	208208	285285	96102	126126	0	186186
5	HPFOU.07	103107	133133	0	183183	142151	258258	273273	174174	202202	288291	99102	126126	177177	183186
5	HPFOU.05	87087	129133	142142	180180	151151	258264	273273	174174	202208	285291	96096	126126	179179	183186
5	HPFOU.06	107107	129133	0	180180	151151	258258	273273	174174	208208	288288	99099	126126	179179	183186
5	HPFOU.09	103107	129133	0	180180	151151	258258	273273	174174	202208	288288	99099	126132	179179	183186
5	HPFOU.10	103109	133133	0	180180	151151	258264	273276	174174	208208	288294	96102	126132	179179	186186
5	HPF2	107109	129133	0	180180	151151	258258	276276	174174	208208	285297	99099	126126	173173	183183
5	HPF3	87107	131133	0	180180	139142	258258	276276	174174	202208	291294	0	126132	179179	180180
5	HPF9	87087	129133	142142	180180	139142	258264	273273	174174	208208	288291	99099	126132	173173	180180
5	HPF7	87109	129133	142142	180180	139139	258258	273273	174174	208208	291291	99108	126126	173173	186186
5	HPF8	103109	131133	142142	180180	142151	258258	273273	174174	208208	291291	99102	126132	179179	186186
5	HPF6	109109	133133	144144	180183	139151	258258	273276	174174	202208	288288	99102	126128	177177	0
5	HPF13	87087	131133	142142	180183	151151	258258	273273	174174	202208	291297	99102	130132	173173	180180
5	HPF11	87087	131133	142142	180180	142151	258258	273273	174174	202208	291291	96102	126132	173173	186186
5	HPF16	87087	133133	142142	180180	142151	258258	273273	174174	208208	291291	99102	132132	173177	186186
5	HPF14	87103	129133	142142	180180	142151	258258	273276	174174	202208	288291	99099	126132	173173	186186
5	HPF12	87087	131133	142142	180183	151151	258258	273276	174174	202208	288291	99102	132132	173173	0
5	HPF15	87109	129133	142142	180183	151151	258258	273273	171174	202208	288291	96099	126132	177177	0