Microsatellite genotypes from Liu (2016)
644	27	8	2	3
JH
TM
XJ
SH
XS
TT
BF
LH
MS
DX
DM
PC
AS
XX
DH
CG
JT
FC
MA
TH
DB
ZJ
QL
PT
CT
QS
SS
Population	Individual	FP9	FP38	FP102	FP134	FP213	FP540	FP556	FP601
1	JH01	174174	141141	233233	132136	185195	133145	100100	182182
1	JH02	172172	157173	233235	118118	201205	163169	110110	174200
1	JH03	166166	141141	235235	132132	179183	141143	100100	182182
1	JH04	174176	141141	233235	132132	195195	143145	100100	182182
1	JH05	172172	147157	221235	118118	195211	159169	108108	158160
1	JH06	174176	135139	237237	132132	183195	145145	100100	182182
1	JH07	166176	141141	235235	132132	195195	143143	100100	182182
1	JH08	174176	139141	233235	116132	195195	137145	100100	182182
1	JH09	166174	141151	223233	116132	183201	141147	100112	182182
1	JH10	166174	143143	233233	132134	183195	141147	100100	182182
1	JH11	174174	139139	235235	132132	183195	137145	100100	182182
1	JH12	176176	141141	223235	116132	183195	143145	100100	182182
1	JH13	166174	143143	223229	132132	195195	141145	100100	182182
1	JH14	166174	141141	237237	132134	195195	145145	100100	182182
1	JH15	166174	139143	237237	132132	183195	143145	100100	182182
1	JH16	174174	141141	237237	116132	183201	143143	100100	182182
1	JH17	166166	141143	235237	132132	183195	143143	100100	182182
1	JH18	166176	139143	223235	132132	183183	141141	102114	182182
1	JH19	172172	157157	235235	118118	201211	161169	116118	160160
1	JH20	174176	135137	223233	126136	179195	139139	100100	182184
1	JH21	166166	135135	233235	132132	179183	137141	100100	182182
1	JH22	166174	139139	235237	134136	183183	137145	100100	182182
1	JH23	166166	143143	229229	116136	179195	141143	100100	182182
1	JH24	174174	151161	219235	118118	199205	163169	108118	158160
1	JH25	166174	139143	223233	132132	183195	143145	100100	182182
1	JH26	174174	139139	219233	118118	211211	159159	108108	176176
1	JH27	174176	141141	233233	132132	183195	143145	100116	182182
1	JH28	166166	139139	233233	116132	183195	131137	100100	182182
1	JH29	166176	139139	237237	132136	183183	137145	100100	182182
1	JH30	174174	135141	231237	116132	195195	145145	100100	182182
1	JH31	166174	139143	237239	132132	195201	143143	100100	182182
1	JH32	172172	151159	219235	118118	199211	161161	108108	168168
1	JH33	166176	143143	237239	132132	183195	141145	100100	182182
1	JH34	166176	141141	237239	132132	195195	141143	102114	182182
1	JH35	172172	155159	229235	118118	195205	161169	106106	160160
1	JH36	174174	149149	233235	118118	193199	167173	106116	168174
2	TM01	174174	135137	233235	132132	195195	133141	102114	182184
2	TM02	166172	135135	235235	132132	195201	133139	102114	182182
2	TM03	166170	135137	233235	132132	195195	133145	102114	182182
2	TM04	172172	141141	235235	132132	195195	141143	102102	182184
2	TM05	174174	137155	235235	132132	195201	141145	102104	180184
2	TM06	172172	143147	229229	116116	197197	145147	116116	180190
2	TM07	166172	137141	235235	132134	183201	143145	102102	182182
2	TM08	166174	135137	233235	132134	195201	141145	102102	182182
2	TM09	166174	135137	233235	132134	195201	141145	102102	182182
2	TM10	166174	135137	233235	132134	195201	141145	102102	182182
3	XJ01	166176	141141	233233	116130	195195	145145	102114	182182
3	XJ02	166176	141141	205233	134142	183195	145145	102102	182182
3	XJ03	166176	141141	205235	116130	183195	145145	102114	182182
3	XJ04	166176	141141	233235	132142	183183	145145	102102	182182
3	XJ05	166166	141141	233235	132132	183195	141145	102102	182182
3	XJ06	166174	141141	233233	116142	195195	141145	102102	182182
3	XJ07	166176	141141	235235	116136	195201	139145	102102	182182
3	XJ08	176176	141141	205205	130132	195195	133145	102114	182182
3	XJ09	166176	141141	233233	116136	183195	145145	102102	182182
3	XJ10	174176	141141	233233	142142	183195	141145	102102	182182
3	XJ11	166166	141141	205233	130132	195195	143145	102102	182182
3	XJ12	166176	141141	205235	130132	195195	145145	102102	182182
3	XJ13	166176	141141	205233	130132	195195	133145	102102	182182
3	XJ14	166174	141141	205233	116130	183195	141141	102102	182182
3	XJ15	166176	141141	235235	122142	183195	139145	102102	182182
3	XJ16	166176	141141	205233	130132	195195	133145	102114	182182
3	XJ17	166176	141141	205235	116130	195195	139145	102102	182182
3	XJ18	176176	141141	205233	132142	183195	141145	102102	182182
3	XJ19	166166	141141	205235	134142	183195	145145	102102	182182
3	XJ20	166166	141141	205235	134142	183195	145145	102102	182182
4	SH01	166176	135135	235235	116134	183195	145145	102114	182182
4	SH02	166174	141141	235235	132134	183195	145145	102102	182184
4	SH03	170176	135141	205235	132132	201201	133139	102114	182182
4	SH04	166166	137141	233235	116134	195201	139145	102102	182182
4	SH05	166176	141141	235235	132134	201201	145145	102102	182182
4	SH06	166176	135141	233235	132134	195201	145145	102102	182182
4	SH07	166166	135135	235235	132134	183195	145145	102102	182182
4	SH08	174176	135137	233235	116132	183195	133141	100100	182182
4	SH09	166176	135137	233235	116132	201201	133141	102102	182182
4	SH10	166166	141141	233235	132134	183201	145145	102102	182182
4	SH11	166166	135137	235235	132132	183195	145145	102102	182182
4	SH12	174174	135141	233235	132134	183201	133145	102102	182182
4	SH13	166176	137141	233235	116132	183201	133145	102102	182182
4	SH14	166176	137137	233235	132134	183195	139145	102102	182182
4	SH15	166166	137141	233239	132134	201201	145145	102102	182182
4	SH16	166174	137141	235235	132134	183195	139141	102102	182182
4	SH17	166174	141141	233235	132132	201201	145145	102114	182182
4	SH18	174174	135141	233233	132132	195201	133145	102102	182182
4	SH19	166166	135141	235235	134134	183201	141145	102102	182182
4	SH20	166166	137141	233233	132134	195201	139145	098098	182182
4	SH21	166176	135135	235235	132132	201201	139145	098098	182182
4	SH22	166166	141141	223235	132134	201201	145145	098098	182182
5	XS01	166176	137141	233235	118130	183195	145145	102104	182182
5	XS02	174174	137141	223223	132132	183195	133141	102102	182182
5	XS03	166174	00	235235	116130	183201	145145	102114	182182
5	XS04	174174	141141	235235	132132	199201	139145	102114	182182
5	XS05	174176	135137	233235	132134	183183	133145	102102	182182
5	XS06	166166	135141	235235	132132	183183	145145	102102	182182
5	XS07	166176	137141	233233	132132	183195	133145	102102	182182
5	XS08	166174	137141	233233	130132	195199	143145	104104	182182
5	XS09	166176	137141	223235	132142	183183	133139	102114	182182
5	XS12	166176	137141	235235	118142	183183	145145	102104	182182
5	XS14	166166	137141	223235	124134	183195	133145	102102	182190
5	XS15	170176	137143	223229	116116	183183	139141	102104	182182
5	XS18	166176	137141	235235	132142	183201	141145	102114	182182
5	XS19	176176	141143	235241	130132	183183	145145	102114	182182
5	XS20	166174	137141	233235	132132	183195	143145	102114	182190
5	XS22	174176	141141	235235	132132	183201	141145	102102	182184
5	XS23	166174	135137	223233	132132	183183	141145	102104	182182
5	XS24	174180	137137	205229	132132	183183	145145	102102	182182
5	XS25	166174	137141	205233	116132	183195	145145	102104	182182
5	XS27	166174	141141	235235	134134	183183	133145	102104	182182
6	TT01	166166	137137	233235	132132	195195	145145	102102	182182
6	TT02	166176	141141	205233	132132	183195	141141	102102	182182
6	TT03	166166	141141	205235	132134	183183	141145	102102	182182
6	TT04	166176	137137	223223	132132	183199	141145	102114	182182
6	TT05	174174	135141	223235	132134	183201	133145	102102	182182
6	TT06	166176	137141	233235	132132	183183	133145	102114	182182
6	TT07	166176	137141	223233	134134	183195	145145	102114	182182
6	TT08	166176	135141	235235	134134	183195	145145	102102	182182
6	TT09	176178	137141	205233	132132	183183	141145	102102	182182
6	TT10	174176	137141	233235	132132	183201	141145	102102	182182
6	TT11	166176	141141	235235	132132	183197	139139	102102	182182
6	TT12	166176	137145	233235	132132	183195	139141	102102	182184
6	TT13	166176	135141	223235	132132	183183	139143	102102	182182
6	TT14	166176	137141	235235	132142	183183	145145	102114	182182
6	TT15	176176	141141	223233	132132	183183	141145	102102	182184
6	TT16	166174	141141	223233	132132	183183	143145	102102	182184
6	TT17	174174	141141	223233	132132	183199	143149	102102	182182
6	TT18	166166	141141	223235	132132	183201	143149	102114	182184
6	TT19	176178	141141	233235	116132	183183	145147	102102	182182
6	TT20	166166	135141	233235	132132	183201	143143	102102	182182
6	TT21	166176	137141	233235	132132	183183	145147	102102	182182
6	TT22	166176	141141	235235	132132	183195	133145	102102	182182
6	TT23	166176	137141	235235	132134	195195	139145	102102	182182
6	TT24	176176	137141	233235	132132	183183	141145	102102	182182
6	TT25	176176	141141	223233	132132	183183	133145	102114	182182
7	BF01	166168	139139	235235	132132	179183	139139	102102	182182
7	BF02	174176	135143	235235	00	183183	141141	114114	182182
7	BF03	176176	139139	233233	00	183195	145145	114114	182182
7	BF04	174176	137137	233233	00	183195	141141	102114	00
7	BF05	174174	141141	233233	116132	183183	133141	102114	182182
7	BF06	174176	141141	205233	116132	183201	133145	100100	182182
7	BF07	174176	141141	233235	132142	183201	133139	102102	182182
7	BF08	166176	141141	233235	132132	183183	133145	100100	182182
7	BF09	166166	141141	235235	132134	183195	00	102102	182182
7	BF10	166174	135137	235235	132132	183183	141141	100100	182182
7	BF11	176176	137141	233235	132132	183199	133145	102102	182192
7	BF12	166176	141141	235237	116134	183183	145145	100100	182182
7	BF13	166166	141143	235237	132132	197201	133133	102114	184190
7	BF14	174176	137141	233235	142142	183195	133145	100102	182182
7	BF15	166176	141141	223235	130132	183183	145145	100100	182182
7	BF16	166176	141141	235235	132142	183183	133133	102102	182182
7	BF18	166176	137141	233233	132134	183183	139145	100100	184190
7	BF19	174176	135141	233235	116132	183183	133145	100100	182182
7	BF20	174176	135141	233233	132132	183195	133145	100100	182182
7	BF21	174176	141141	235235	116132	183183	141141	102102	182182
7	BF22	166174	141141	223235	116134	183183	133145	100100	182182
7	BF24	166176	141141	223233	132132	183195	141143	100100	182182
7	BF26	174176	141141	223235	116132	183201	133145	102114	182182
7	BF27	166176	141141	223233	116132	183183	133143	102102	182182
7	BF28	174176	141141	225235	116132	183183	145145	102114	182184
8	LH01	174176	141141	223233	132142	183201	145145	102102	182182
8	LH02	174176	141141	223233	132142	183201	145145	102102	182182
8	LH03	174176	137137	233233	132134	183195	133145	102102	182182
8	LH04	174176	141141	233235	132132	183195	145145	102102	182182
8	LH06	170174	141141	233235	132132	183209	145145	102102	182182
8	LH07	176176	137141	233235	118142	183183	139141	102114	182182
8	LH08	170176	137137	233235	130142	183183	133139	102102	182182
8	LH09	166174	135141	233233	116132	183201	145145	102114	182182
8	LH10	166174	131141	223231	118134	183199	145145	102104	182192
8	LH11	170174	141145	229231	132132	199199	141145	102104	182184
8	LH12	166174	131137	235235	118132	195195	145145	102102	184192
8	LH13	170174	137137	223223	118132	195199	145145	102102	182182
8	LH14	174174	135141	205229	132138	199209	139141	102104	182182
8	LH15	166170	141145	223233	132132	183195	133145	102114	182182
8	LH16	166166	145145	223233	132132	195195	143145	102102	182182
8	LH17	174176	135141	233235	116132	183199	145145	102102	182182
8	LH18	166176	141145	231233	132132	183197	141145	102102	182182
8	LH19	166166	141141	231233	132132	183199	139145	102102	182182
8	LH20	166174	141145	223235	118132	195199	133139	102104	190192
8	LH21	166174	141145	223235	118132	195199	133139	102104	190192
8	LH22	170176	131145	233235	118132	183201	133143	102102	182182
8	LH23	170174	137141	223233	116132	183195	133141	102102	182184
8	LH24	174174	137145	231233	132132	183183	145145	102102	182182
8	LH25	166174	135141	231231	116118	183195	141145	102102	182184
8	LH26	170176	145145	223233	132132	183199	133145	102102	182182
8	LH27	166166	135145	229235	132140	195195	143143	102102	182190
8	LH28	174174	141141	229235	132132	199199	145145	102114	182190
8	LH29	166170	141149	229235	130132	195199	143145	102104	182184
8	LH30	174176	141141	233235	118134	183183	145147	102102	182184
8	LH31	166166	135145	231231	132138	183183	143145	102104	182182
8	LH32	166166	135145	229233	132138	183183	139143	102102	182182
8	LH33	166166	135137	229235	116118	195195	145145	098100	182182
9	MS01	166176	135137	235237	132132	183183	143145	100100	182182
9	MS02	166176	137137	235237	116132	183183	145145	100100	182182
9	MS03	174174	141141	233237	132134	183197	141145	100100	182182
9	MS04	174174	141141	235235	116132	183195	145145	100100	182190
9	MS05	174174	137141	235235	116132	183195	145145	100100	182182
9	MS06	174174	137141	235235	116132	183195	145145	100100	182182
9	MS07	174174	137141	235235	116132	183195	145145	100100	182182
9	MS08	174176	137137	225237	116132	183197	133145	100100	182182
9	MS09	174176	141145	235235	118132	183199	145145	100100	182182
9	MS10	166174	135141	235237	116132	183199	133145	100100	182182
9	MS11	166174	141141	229237	116116	195199	133145	102102	182182
9	MS12	166174	137141	229235	116142	183199	145145	100100	182182
9	MS13	174176	135141	235235	116132	183199	133145	100100	182182
9	MS14	174176	137141	235237	132134	183183	139145	100100	182182
9	MS15	174176	137141	235237	132134	183183	139145	100100	182182
9	MS16	174176	137141	235237	132134	183183	139145	100100	182182
9	MS17	174174	141145	235237	132132	183197	145145	100100	182182
9	MS18	174174	143145	235237	132132	183197	145145	100100	182182
9	MS19	174176	137141	233237	132134	183183	139145	102102	182182
9	MS20	174174	141145	235237	132132	183197	145145	100100	182182
9	MS21	174174	143145	235237	132132	183197	145145	100100	182182
9	MS23	174174	143145	235237	132132	183197	145145	100100	182182
9	MS24	174174	143145	235237	132132	183197	145145	100100	182182
9	MS25	166176	141141	237237	116116	183183	133139	100100	182182
9	MS26	166174	141141	221237	116142	183183	139145	100100	182184
9	MS27	166174	141143	225237	132132	183183	145147	100100	182182
9	MS28	166174	141143	225237	132132	183183	145147	100100	182182
9	MS29	166174	141143	225237	132132	183183	133145	100100	182182
9	MS30	166166	141141	237237	132134	183183	00	100100	182182
10	DX01	170174	141141	229237	132132	183195	133145	100100	182182
10	DX02	166180	137137	235237	132132	183201	141145	100100	182182
10	DX03	174176	141141	235237	116142	195201	133145	100100	182184
10	DX04	176176	139143	235237	130132	183183	143147	102114	182182
10	DX05	166176	141141	225237	130132	183199	133141	100100	182184
10	DX06	166166	135137	235237	130142	183183	141147	100100	182184
10	DX07	174174	135141	235237	132132	183201	133141	102114	182182
10	DX08	176176	141141	235235	132132	183195	147149	100100	182182
10	DX09	174174	135137	235237	116132	183201	145145	100100	182182
10	DX10	174174	137141	225237	116132	183183	141145	100100	182184
10	DX11	166176	137141	225235	132134	183183	133141	100100	182182
10	DX12	174176	141141	225235	132142	195199	141145	102114	182190
10	DX13	174176	141141	235235	132132	183183	139145	100100	182184
11	DM01	170174	143143	235235	118132	183199	135141	100100	182182
11	DM02	176176	143143	223223	132132	183183	141147	100100	182182
11	DM03	170176	139139	223235	132132	183183	131137	100100	182182
11	DM04	170176	141145	223235	118132	183183	133133	100100	182182
11	DM05	170170	135141	235235	132132	183183	139141	100102	182182
11	DM06	170176	141145	223235	132132	183201	133133	100100	182182
11	DM07	176176	139139	223223	132132	183199	145145	102104	182190
11	DM08	166176	135137	223235	132132	183209	133145	100114	190190
11	DM09	174176	141141	233235	118142	199199	139145	102104	182190
11	DM10	176176	143143	237237	132132	183183	141143	102102	182182
11	DM11	174176	135141	233235	116132	183195	133145	100100	182182
11	DM12	166166	139143	235235	132134	183209	135143	100100	182182
11	DM13	174174	139139	235235	116132	183199	137145	102114	182182
11	DM14	174176	141141	231233	132134	183183	145145	100100	182190
11	DM15	174176	135141	235239	130132	183183	139139	100100	182182
11	DM16	176176	141141	229233	132132	199209	133133	100100	182182
11	DM17	166174	133141	233233	132132	183183	145145	100100	182182
11	DM18	176176	137141	229235	132134	183183	145145	100114	182182
11	DM19	166174	135139	223233	118132	183183	145145	100104	182182
11	DM20	166176	143143	235235	132132	195199	141145	102114	182182
11	DM21	166176	139143	223229	118132	183199	143147	102114	182182
11	DM22	174176	143143	223229	118132	183183	135141	102102	182182
11	DM23	174176	137141	235235	118132	195199	139145	100100	182184
11	DM24	170176	141141	203223	116132	183195	133143	100114	182182
11	DM25	166174	135143	203233	132134	183199	141143	102114	182182
11	DM26	166174	137137	223233	132142	183183	145145	100100	182182
11	DM27	174174	141141	233233	132132	183183	133143	102114	182182
11	DM28	174176	135135	229235	132132	183199	137145	102114	182190
12	PC01	170180	133141	233235	116132	183199	131141	102102	182190
12	PC02	174174	135145	233233	132134	183195	135143	114114	182182
12	PC03	174176	141141	233235	118134	195195	141141	102102	182182
12	PC04	174176	137141	233233	116134	183195	137141	102102	182182
12	PC05	174176	137141	233233	116116	183195	137141	102102	182182
12	PC06	174174	135141	231233	142142	183199	135141	102114	182184
12	PC07	166170	137141	233233	118132	183183	137141	102102	182182
12	PC08	166170	131141	233235	118132	183199	131141	102114	182182
12	PC09	174174	141141	233233	132132	183195	133145	102114	182182
12	PC10	174176	141141	233233	114114	183183	133145	102114	182182
12	PC11	176176	135141	235235	132132	183195	139145	102114	182184
12	PC12	174176	141141	233235	00	183183	145145	102114	182182
12	PC13	174176	141141	231233	134134	183201	145145	102114	182184
12	PC14	170174	137141	223233	142142	183195	133145	102114	182182
12	PC15	174176	141141	233235	114114	183201	139145	114114	182184
12	PC17	174176	141141	233235	134134	183183	133139	114114	182182
12	PC18	166174	137141	233233	142142	183199	145147	104104	182182
12	PC19	174176	137145	233233	132134	183195	145147	102104	182182
12	PC20	174174	137141	223233	132134	183183	145145	102102	182184
12	PC21	174176	141141	233235	116134	183183	131145	102102	182182
12	PC22	174176	141145	233233	116132	183195	145145	114114	182182
12	PC23	174174	141141	233235	132132	183183	145145	102104	182182
12	PC24	166174	141143	233233	132142	183195	145145	102104	182182
12	PC25	174174	141141	223233	116118	195199	141145	102104	182182
12	PC26	166176	139143	00	116142	183195	127131	102102	00
12	PC27	170176	137141	223233	132134	183195	133145	102102	182182
12	PC28	166166	137141	231235	132134	183183	133145	114114	182184
12	PC29	174174	137141	233233	142142	183183	133145	102114	182182
12	PC30	174176	137143	233233	132134	183183	139145	114114	182182
12	PC31	166176	137143	233235	134134	183195	133145	102114	182182
12	PC32	166170	137141	233235	118132	183209	145147	102104	182182
12	PC33	174174	141141	233235	132142	183209	133147	102104	182182
12	PC34	170176	141141	233235	132134	183195	145145	102102	182182
13	AS01	174176	139139	223223	132142	183195	133133	104114	182182
13	AS02	166170	139141	223233	132132	195199	133141	102102	182190
13	AS03	166176	139139	223233	132132	183199	145145	102102	182182
13	AS04	174174	139139	233235	132132	183195	133141	102102	182182
13	AS05	166174	137137	231233	132132	183183	133141	102104	182190
13	AS06	166174	137145	223233	132132	183195	141145	102104	182182
13	AS07	166170	139141	235235	132134	195201	145145	102104	182184
13	AS08	170174	137143	233233	132132	195201	141141	102104	182182
13	AS09	166166	141141	233235	116132	199199	133145	102102	182182
13	AS10	174180	141141	233233	132132	183199	133141	104114	182182
14	XX01	174174	141141	233233	134134	201201	145145	114114	182182
14	XX02	174176	141141	235235	118132	183199	139145	104114	182182
14	XX03	174174	137141	233233	134134	183201	133145	102114	182182
14	XX04	174174	141141	233233	134134	183201	145145	102114	182182
14	XX05	174174	137141	233233	132134	183183	133145	102114	182182
14	XX06	170174	137137	223235	132134	183199	141145	102104	182182
14	XX07	170174	135137	223235	118134	195199	133145	104104	182190
14	XX08	174174	141141	233235	132134	195195	133145	102102	182182
14	XX09	174174	137141	233235	134134	183195	133145	102114	182182
14	XX10	166174	141141	233235	132134	199201	133145	102104	182182
14	XX11	174174	141141	233235	118134	183199	145145	102104	182190
14	XX12	166174	137141	233233	134134	195199	133133	102114	182182
14	XX13	166170	141141	235235	132132	183183	139141	102114	182182
14	XX14	174174	137141	233233	134134	183195	145145	102102	182182
14	XX15	174174	137141	235235	132134	183183	133141	102114	182182
15	 DH34	166174	137141	233235	134140	183183	145145	102102	182182
15	 DH35	166176	135141	235235	132138	00	145145	114114	182182
15	 DH36	176176	135137	233235	132132	183195	139145	102114	182182
15	DH01	166174	141141	00	132136	183183	141145	102102	182184
15	DH02	170174	135139	223235	132132	183183	145145	102114	182182
15	DH03	166166	137141	233235	132132	183195	145145	102114	182184
15	DH04	174176	137137	205233	132132	183201	129143	102102	182182
15	DH05	166166	137141	233235	132132	183183	141145	102102	182182
15	DH06	174174	139139	235235	142142	183201	145145	102104	182184
15	DH07	174176	137141	233233	132134	195201	133139	102114	182182
15	DH08	166174	145141	233233	132132	183183	133139	102114	182182
15	DH09	174176	139139	233235	132132	183201	145145	102114	182182
15	DH10	166166	131137	223223	130134	183201	129143	114114	182182
15	DH11	176176	139139	233235	132142	183183	145145	102114	182182
15	DH12	174174	141141	223235	132132	183195	139145	102114	00
15	DH13	176176	137137	233235	132134	183201	137143	102114	182182
15	DH14	170176	139141	223233	132132	183201	139145	102114	182182
15	DH15	174176	137141	233235	132132	201201	133147	102102	182182
15	DH16	166174	141141	233235	132142	201201	133139	102102	182182
15	DH17	166174	135141	233233	132142	183183	133145	102114	182182
15	DH18	166174	133137	231233	132134	183195	143143	114114	182182
15	DH19	174176	133137	233235	134142	183183	143147	102102	182182
15	DH20	174176	133137	233235	132132	183183	143143	102114	182182
15	DH21	166176	137141	233233	118132	183197	133141	096096	182184
15	DH22	174174	141145	223229	132132	183199	141143	096096	182184
15	DH23	166166	141141	225231	132134	197199	141145	102104	182182
15	DH24	166174	141145	223229	132132	195199	141143	102102	182184
15	DH25	166166	133137	233235	132132	183197	145145	102102	182182
15	DH26	174174	141141	229233	132132	183199	141145	102102	184184
15	DH27	166174	141145	223229	136136	195199	141143	102102	182184
15	DH28	172174	137141	233233	00	183201	00	100100	182182
16	CG01	166176	135141	237237	132142	183195	145145	102114	182182
16	CG02	170174	141141	205237	132132	183183	145145	100100	182184
16	CG03	174176	141141	235237	132134	183183	145145	100100	182184
16	CG04	170176	137141	235237	132132	183183	141145	100100	182182
16	CG05	170174	141141	237237	132134	183195	133141	102104	182184
16	CG06	176176	135141	235235	132134	183201	145145	102114	182182
16	CG07	166176	137141	235237	132142	201201	133145	100100	182182
16	CG08	174174	139139	231235	132134	201201	145145	102114	182182
16	CG09	166174	135141	235237	132134	195199	139145	100100	182182
16	CG10	174176	137141	235237	118132	183183	141143	100100	182190
16	CG11	166176	139139	235235	132142	183183	145145	102114	182182
16	CG12	170174	139139	225237	132134	183201	145145	102104	182182
16	CG13	170174	141141	225237	132134	183201	145145	102104	182182
17	JT01	166176	135141	233235	134140	183197	139139	102104	182184
17	JT02	166176	139141	233235	132132	195201	133141	102102	182182
17	JT03	166176	135141	223235	134142	183199	141145	102104	182182
17	JT04	166174	141141	233235	132134	183183	141145	102102	182182
17	JT05	166176	137141	223233	00	183183	133141	00	182184
17	JT06	170174	141141	233235	134134	183195	139145	102102	182184
17	JT07	166176	137141	223235	116132	183183	133141	102114	182182
17	JT08	166176	141141	233235	00	183183	141145	00	182182
17	JT09	170176	141141	233233	132132	201201	133143	104114	182182
17	JT10	166174	137137	231233	118132	183199	143145	102102	182184
17	JT11	166174	141141	233235	118132	197199	133139	102114	182182
17	JT12	176176	00	223233	132134	183201	145145	102114	182184
17	JT13	170176	141141	223235	132132	183183	139145	102104	182182
17	JT15	176176	141141	233235	00	183183	139145	00	182184
17	JT16	176176	137141	233235	132134	183201	139145	102102	182182
17	JT17	166166	135141	233235	118132	183195	133145	114114	182182
17	JT18	166166	137141	233235	132132	183199	133139	102104	182182
17	JT19	166176	141141	223235	132132	199199	139145	104114	182182
17	JT20	166174	135141	223233	132132	183199	139145	102114	182182
17	JT21	166176	137141	233235	132132	183183	139145	102104	184184
17	JT22	174174	135141	223239	132132	183199	145145	104104	184184
17	JT23	176176	137141	223231	118118	183195	139145	102102	182190
17	JT24	166176	133141	233233	118132	183183	133139	102104	182184
17	JT25	176176	141141	223233	118132	183195	139145	102104	182184
17	JT26	170170	135137	233233	134142	183201	145145	102102	182184
17	JT27	174176	141141	223233	132132	183201	139139	104104	182182
17	JT28	166176	133141	233233	132132	183183	139145	104104	184190
17	JT29	174176	137141	233235	132132	181181	133139	102114	190190
17	JT30	166176	141141	00	132132	183201	133139	102104	182184
17	JT31	166172	141141	233235	132132	183195	139145	102102	182184
17	JT32	166176	137141	233233	130134	183183	145145	102102	182182
17	JT33	176176	141141	223233	132132	183199	133145	102102	182182
17	JT34	166176	137141	233233	132132	195199	145145	102102	182184
18	FC01	166174	137141	235235	132132	183183	145145	104114	182182
18	FC02	166176	143143	225235	132142	183195	141147	114114	182182
18	FC03	166176	141141	225235	132134	183183	139139	114114	182182
18	FC04	166176	141141	225235	134142	183183	145145	100114	182182
18	FC05	166174	141145	225225	130132	183183	133145	100100	182182
18	FC06	176176	141145	237237	132132	183183	141145	100100	182182
18	FC07	166174	137141	237237	132132	183183	133145	102114	182182
18	FC08	166170	141145	225235	132134	183183	145145	114114	182182
18	FC09	174176	141141	237237	132134	183183	141145	100114	182182
18	FC10	170174	141141	225225	132142	195201	145145	100100	182182
18	FC11	166174	135139	225231	130142	183183	145145	100114	182182
18	FC12	174176	141141	235235	134140	195199	133145	102104	182182
18	FC13	166166	135141	223233	132142	183183	139145	102114	182182
18	FC14	174176	141141	231235	132142	195199	139145	114114	182182
19	MA01	166174	141141	233235	134142	183195	145145	100114	182182
19	MA02	174176	141141	223233	132132	183183	145145	100114	182182
19	MA03	170176	141141	223233	00	183183	145147	114114	182182
19	MA04	166174	137141	223235	132132	195199	145145	102114	182182
19	MA05	166172	141141	233235	132134	183183	133133	100100	182182
19	MA06	170176	141141	233235	116134	183201	133143	100100	182182
19	MA07	170174	137141	233237	132132	195201	139145	100100	182182
19	MA08	174176	137141	223231	118132	183199	141145	102114	182182
19	MA09	174176	137141	233235	132132	183195	141145	102114	182182
19	MA10	166176	141145	223235	134134	183195	141141	100100	182182
19	MA11	166174	137141	233235	134134	183195	145145	100114	182182
19	MA12	166174	141141	225225	132142	183183	133133	100100	182182
19	MA13	176176	135141	223233	132142	183201	141145	100114	182182
19	MA14	166176	135141	225235	116132	183201	133145	100114	182182
19	MA16	176176	141141	233233	132134	195195	139139	102114	182182
19	MA17	174174	137141	223235	116132	183195	145145	102114	182182
19	MA19	174176	135137	233235	132132	183195	141145	100100	182182
19	MA20	174174	135141	233233	116132	183183	139145	100100	182182
19	MA21	174174	141141	223235	132134	183195	141143	100114	182182
19	MA22	174176	141141	223233	132132	183183	133145	102114	182182
19	MA23	166166	137141	235235	132132	195195	133145	104114	182182
19	MA24	166176	137141	223233	132142	183183	139145	102114	182182
19	MA25	166176	141141	233233	134134	183195	139145	102102	182182
19	MA26	166176	141141	235235	134142	183183	139145	102114	182182
19	MA27	174176	141141	223235	118134	183183	145147	100100	182182
19	MA28	174174	141141	205235	136140	183197	139145	102102	182182
20	TH02	166174	137141	235241	132132	183195	145145	100100	182190
20	TH03	174174	137141	231235	134136	183201	141145	102114	182192
20	TH04	174176	137141	233235	134134	183195	145145	102114	182182
20	TH05	176176	137137	233235	118132	183195	139145	102114	182190
20	TH06	166176	135141	229229	118132	183195	00	102104	182190
20	TH07	166174	137151	231233	134134	183197	145145	104104	182182
20	TH08	166170	137141	233233	132142	183197	145145	104104	182190
20	TH09	174176	137141	205233	132142	183195	145145	102104	182190
20	TH10	166174	137141	205233	132132	183195	145145	102114	182182
20	TH11	166174	137141	233239	132132	183195	145145	102114	182182
20	TH12	166174	137141	233233	132132	183195	141145	102114	182182
20	TH13	166174	137141	229233	132134	183195	145145	100102	182182
20	TH14	166174	137141	221229	132132	183195	143145	102104	182182
20	TH15	174174	137137	231233	116132	183183	141145	102102	182190
20	TH16	166174	137141	233233	116132	183195	141145	100100	182190
20	TH17	166174	133137	235237	118132	183195	143143	102102	182184
20	TH18	166174	137141	229235	118132	183195	141145	100100	182184
20	TH19	166174	137141	235235	118132	183195	133145	100100	182182
20	TH20	174176	137137	223233	132134	183199	133145	102102	182182
20	TH21	174176	137137	223233	134136	183199	133145	102102	182182
20	TH22	174176	137145	233205	118134	183183	145145	102114	182182
20	TH23	174176	137145	233205	116132	183197	145145	102114	182182
20	TH24	166176	137137	205235	132132	183197	141145	104114	182182
20	TH25	166176	135137	235235	132132	183183	141145	102114	182182
20	TH26	166174	137141	231235	118130	183183	141145	100100	182182
21	DB01	170176	133141	233235	118132	183199	145145	104114	182182
21	DB02	170170	137141	231233	118132	183195	133145	102104	182182
21	DB03	166174	137145	231235	132134	183195	145145	102104	182182
21	DB04	174174	137145	231233	118142	183201	141145	102104	182182
21	DB05	174174	137145	231233	118142	183201	141145	102104	182182
21	DB06	170174	137137	235235	132132	183183	145145	102102	182182
21	DB07	166166	141141	235235	132132	183195	145145	102104	182182
21	DB08	170176	137141	229235	132142	183195	141145	102114	182190
21	DB09	174176	137141	221229	142142	183199	145145	102102	182184
21	DB10	166170	137141	231235	134142	183195	145145	102104	182182
21	DB11	174176	137137	233235	118142	183195	141145	102102	182182
21	DB12	166170	137137	229235	132142	183195	141145	102102	182182
21	DB13	170176	133137	233233	118142	183199	141145	102102	182182
21	DB14	174174	137141	235235	118132	183199	133141	102102	182182
21	DB15	170176	145145	229233	132132	183195	141141	104104	184184
21	DB16	166176	141145	233235	118132	183183	141145	102102	182184
21	DB17	166174	137145	233235	124132	195201	145145	104114	182182
21	DB18	166176	135141	229235	138142	183201	141145	104114	182184
21	DB19	170174	145147	231235	134142	183195	141145	102102	182182
21	DB21	174176	137137	233235	118132	183183	139141	102114	182182
21	DB22	174176	137137	233233	118132	199201	139145	102102	182182
22	ZJ01	166174	137141	233235	132142	195195	133141	102114	182182
22	ZJ02	170174	141141	233233	132134	183183	141147	100100	182190
22	ZJ03	170174	139143	235237	132132	183183	143147	100114	184184
22	ZJ04	166170	141141	233237	132132	183199	133133	114114	182182
22	ZJ05	166172	139141	235235	132132	183183	145145	104114	182182
22	ZJ06	170174	135137	235235	132142	199199	143143	100100	182190
22	ZJ07	170170	141141	235235	132132	183183	141145	102114	182182
22	ZJ08	170176	141145	235235	118132	195199	143143	104114	182190
22	ZJ09	166174	137141	223233	132132	183195	145145	114114	182182
22	ZJ12	174176	137141	229233	118142	183195	145145	104104	182184
22	ZJ13	174174	127135	233233	132132	195195	141143	102104	182182
22	ZJ14	170176	141141	233235	134140	183199	143145	102104	182192
22	ZJ15	174180	137141	229233	118134	183209	145145	104114	182184
22	ZJ16	174176	131141	231233	112132	183199	143145	100100	182182
22	ZJ17	176180	139145	235237	118132	183199	143147	104114	182182
22	ZJ18	174180	135141	233233	132132	183195	133145	100102	182190
22	ZJ19	174176	137141	229235	132142	183199	145145	102104	182184
22	ZJ20	174174	131139	233235	132132	195199	143147	100100	182182
22	ZJ21	166176	137137	223233	132134	195199	145145	102114	182182
22	ZJ22	174176	131139	223235	134140	183197	145145	102104	182182
22	ZJ23	176176	137141	235235	134142	183195	145145	100102	182182
22	ZJ24	166174	139143	235237	132132	195199	147147	100114	182190
22	ZJ25	170174	139141	235235	132132	183195	141143	100114	182182
22	ZJ26	176176	137137	223235	132134	195199	145145	100114	182182
22	ZJ27	166174	137137	235235	132132	183195	133141	100100	182182
22	ZJ28	166174	137139	223233	132142	195199	135141	100100	182182
22	ZJ29	174176	137137	223229	116132	183183	141145	102114	182190
22	ZJ30	174180	139147	223235	132132	183195	135143	100100	182182
22	ZJ31	174176	135139	223233	132142	183183	137145	100114	182182
22	ZJ32	176176	137137	223235	132134	183183	133147	100114	182182
23	OL13	174176	137141	233235	00	183195	141145	00	182184
23	QL01	166174	137141	233239	132132	183195	145145	102102	182190
23	QL02	174176	137141	229233	124132	183183	143143	104104	182182
23	QL03	174176	141143	233235	132132	183183	143143	102114	182182
23	QL04	166176	141141	235235	132142	183183	145145	102104	182182
23	QL05	166176	141141	233235	132142	183183	133145	102114	182182
23	QL06	166176	137141	235235	132132	183195	145145	102114	182182
23	QL07	174180	133141	229233	118132	183195	141145	102102	182190
23	QL08	166176	141141	233235	132132	183183	141141	102102	182182
23	QL09	166176	141141	223235	132132	183183	145145	102114	182182
23	QL10	174176	137141	233235	132138	183195	145145	102114	182182
23	QL11	176176	135141	233235	132134	195201	145145	102102	182182
23	QL12	170170	135141	235235	132134	183195	145145	114114	182182
23	QL14	164176	135137	233233	132132	183183	141145	114114	182190
23	QL15	176176	141141	223233	118118	183183	141145	102114	182182
23	QL16	166174	141141	233235	132132	195201	145145	102114	182182
23	QL17	166176	141141	223229	142142	183183	141145	102114	182182
23	QL18	174176	137141	235235	132142	183195	133145	102114	184184
24	PT01	174174	141145	229233	118132	183209	147147	102102	182184
24	PT02	166176	141141	233235	132132	195199	145145	102104	182182
24	PT03	170176	135137	229233	132138	183199	141145	102114	182182
24	PT04	174180	137137	223229	116132	195199	133141	102114	182182
24	PT05	176176	137137	233235	132134	195199	141141	102114	182184
24	PT06	174176	137141	233233	132134	199199	141141	102114	182182
24	PT07	174180	137141	229235	132132	199199	145147	102102	182190
24	PT08	170170	127141	233233	116138	183195	145145	102102	182184
24	PT09	166180	137137	229235	116118	195199	141145	102114	182190
24	PT10	170170	141141	233235	132132	183195	145147	102114	182184
24	PT11	174176	141141	233235	132132	195195	141145	104114	182182
24	PT12	174176	137141	233235	132142	183195	141147	102102	182182
24	PT13	166174	131137	233235	132134	183195	145145	102104	182190
24	PT14	174176	141141	229233	132132	199199	141147	104114	182182
24	PT15	180180	135141	229233	132132	199201	145145	102114	182182
24	PT16	174176	137137	223233	132132	183183	141145	102102	182190
24	PT17	166176	137141	233235	114132	183183	141145	102102	182182
24	PT18	166170	141141	233235	118132	183199	133141	104114	182184
24	PT19	174174	133141	223235	118132	183195	145145	102102	182182
24	PT20	166174	135141	223235	118132	183197	133141	104114	182182
24	PT21	174176	141145	233235	132132	183195	141141	114114	182190
24	PT22	166176	135141	233233	132132	183195	141145	102114	182182
24	PT23	174176	135137	221233	132132	183195	141143	104104	182182
24	PT24	170174	135137	233235	132132	183201	133145	102104	182182
24	PT25	174174	137137	229235	116138	197199	133145	102114	182182
24	PT26	176176	141141	223231	116138	183183	133141	104104	182182
24	PT27	174176	137141	235235	116132	183197	141145	102102	182190
24	PT28	176176	135141	235235	132132	183183	145145	102114	184184
24	PT29	170176	137141	223229	118132	183199	145145	102102	182182
24	PT30	166174	141141	225231	118132	183195	133145	102104	182184
24	PT31	166174	137141	233235	118134	183209	141141	102102	182184
24	PT32	174176	141141	229233	132132	199199	141147	104114	182182
24	PT33	166176	141141	233233	132134	183195	145145	102102	182182
25	CT01	170174	135141	225237	134140	183195	145145	102114	182182
25	CT03	170174	141141	235237	114132	183195	141145	114114	182182
25	CT04	166176	135135	225235	132132	183195	145145	100114	182182
25	CT05	174174	141141	233237	116142	183183	141145	104114	182182
25	CT06	166172	141141	237237	118138	183183	141141	114114	182182
25	CT07	174174	135141	225239	132134	183183	141145	098114	182182
25	CT09	176176	137141	235237	132142	183201	141145	100100	182182
25	CT10	170174	141141	235237	132132	195195	145145	100102	182184
25	CT11	174174	141143	225235	132132	183183	139145	102114	182182
25	CT12	166174	141141	225237	132132	183199	141145	104114	182182
25	CT14	170170	137141	225235	116116	183209	141145	100114	182190
25	CT15	174176	141141	237237	132132	183183	133139	102114	182182
25	CT16	174176	141141	235237	132142	183201	139145	100102	182182
25	CT17	174176	137141	237237	116132	183183	145145	114114	182182
25	CT18	166176	137141	235235	132132	183183	141145	100114	182182
25	CT19	166166	137137	235235	118132	183195	141145	100100	182190
25	CT20	174176	141141	237237	116132	183199	141145	104114	182182
25	CT21	166176	135139	235235	118132	183183	145145	102114	182190
25	CT22	176176	135139	235235	132132	183183	145145	114114	182182
25	CT23	166176	137141	235235	118132	183183	141145	102114	182182
25	CT25	166176	141141	235237	132132	183183	141141	104114	182182
25	CT26	166176	137141	235235	118132	183183	141145	100114	182182
25	CT27	174176	137137	235237	132132	183201	145145	100100	182182
25	CT28	166166	137137	235235	132132	183183	145145	102114	182182
25	CT29	174176	137141	225223	132132	183183	141141	102104	182182
25	CT30	174174	135139	229237	118132	183201	145145	102114	182182
25	CT31	174176	141141	225223	124132	183195	141145	102114	182182
25	CT32	174174	141141	225237	132132	183183	145147	102114	182182
25	CT33	174176	141141	237237	132142	183183	145145	100100	182182
26	QS10	166166	141141	233235	132132	183183	145145	102114	182182
26	QS11	166166	141141	233233	132134	183183	141145	102114	182182
26	QS12	166166	137141	223223	134134	183199	145145	102104	182182
26	QS13	166166	141141	233233	132132	183183	141141	102102	182182
26	QS14	166174	141141	233235	116134	183183	00	102102	182182
26	QS15	176176	141141	233235	132134	183183	141141	102114	182182
26	QS16	176176	141141	233235	132134	183183	145145	102114	182182
26	QS17	176176	141141	233235	132134	183183	145145	102114	182182
26	QS18	166176	141141	233235	116132	183195	141145	102102	182182
26	QS19	170176	141141	223235	132132	183199	143145	102102	182182
26	QS20	166174	137141	233235	132140	183195	139141	102104	182182
26	QS21	168168	141141	233233	116134	183183	145145	102114	182182
26	QS22	174176	141141	233235	132134	183183	141133	102114	182182
26	QS01	174174	141141	233235	132132	183183	141145	102114	182182
26	QS02	174174	141141	233235	132132	183183	141145	102114	182182
26	QS03	166166	141141	223233	132132	183183	141145	102114	182182
26	QS04	174176	141141	233235	132114	183183	145145	102114	182182
26	QS05	166176	135141	223233	132140	183183	145145	102114	182182
26	QS06	174176	141141	223233	132132	183199	145145	102114	182182
26	QS07	174166	137141	223233	132134	183183	141145	102102	182184
26	QS08	174176	141141	223233	132132	195199	141145	114114	182182
27	SS01	176176	141141	233233	116132	183183	133145	102102	182182
27	SS02	166176	137141	205235	118132	183183	133133	102102	182182
27	SS03	166176	137141	205223	118118	183195	133141	102104	182182
27	SS04	166166	137137	233235	116134	183195	133141	102102	182182
27	SS05	166176	137137	233233	132132	183183	133145	102102	182182
27	SS07	166176	137137	235235	132132	183183	133145	102102	182182
27	SS08	174176	141141	233235	132132	183195	133133	102102	182182
27	SS09	166176	137141	205223	118118	183195	133141	102104	182182
27	SS10	166174	137141	235235	116132	183183	133133	102102	182182
27	SS11	166170	137141	235235	116132	183195	133133	102102	182182
27	SS12	166170	137141	235235	116132	183195	133133	102102	182182
27	SS13	164170	137141	235235	116132	183195	133133	102102	182182
27	SS14	166176	137137	235235	116134	183183	133133	102102	182182
27	SS15	166176	137141	235235	134138	183195	133147	102104	182182
27	SS17	166176	141141	233233	132134	183195	133141	102102	182182
27	SS18	166176	141141	233233	132134	183195	133141	102102	182182
27	SS19	170176	141141	233235	132132	183183	133141	102114	182182
27	SS20	176176	135141	233233	132134	183183	133141	102114	182182
27	SS21	174174	137141	233233	132132	183183	133145	102114	182182
27	SS22	174176	141145	233233	132132	195195	145145	102114	182182
27	SS23	174176	141141	205221	132132	183183	141141	102114	182182
27	SS24	166174	141141	233233	132134	183183	141143	102104	182182
27	SS25	174176	141141	233233	132132	183183	145145	102102	184184
27	SS26	174176	137137	233233	132132	183183	133145	102102	182182
27	SS27	176176	137141	233235	132132	183183	133145	102102	182182
27	SS28	166176	141141	233235	132134	183183	133143	102102	182184
27	SS29	174174	137141	233233	132134	183183	133145	102102	182182
27	SS30	170174	137141	223235	132132	183183	133141	102102	182182
27	SS31	166174	137141	233233	116116	183183	145145	102102	182182
27	SS32	166176	137141	233235	132132	183183	133145	102102	182182
27	SS33	174174	141141	233235	116132	183183	133133	102102	182182
27	SS34	176176	137137	233233	116132	183183	133133	102102	182182