Population	Individual ID	WP447		WP294		WP076		WP403		WP554		WP399		WP231		WP522		WP439		WP004	
JH	JH1-1	102	102	141	143	196	204	123	123	144	152	178	178	193	193	98	98	149	157	189	189
JH	JH1-2	86	100	143	145	196	206	123	125	152	152	198	200	191	193	104	104	163	165	189	189
JH	JH1-3	100	100	141	141	204	204	123	125	144	152	178	196	193	197	98	102	143	147	189	189
JH	JH1-4	100	100	161	161	200	204	123	123	144	152	198	200	193	193	100	100	143	157	189	189
JH	JH1-5	94	98	139	143	198	202	121	125	152	156	198	198	193	193	102	104	145	161	185	187
JH	JH1-6	86	98	139	141	204	204	125	125	144	156	198	200	189	193	104	106	145	159	189	189
JH	JH1-7	86	98	143	145	198	202	125	125	144	156	178	200	191	193	80	106	133	155	187	189
JH	JH1-8	86	96	143	145	204	204	125	125	144	152	178	194	191	193	102	106	133	151	189	189
JH	JH2-1	96	98	143	149	196	204	123	125	152	158	178	200	189	195	104	118	157	157	187	187
JH	JH2-2	86	102	143	147	196	204	123	125	144	150	178	178	187	187	98	104	143	147	189	189
JH	JH2-3	94	98	147	147	202	204	123	125	152	152	198	200	193	197	104	104	159	159	187	189
JH	JH2-4	86	94	141	143	198	198	125	125	152	156	178	194	193	193	102	104	145	159	185	187
JH	JH2-5	86	98	139	145	202	202	125	125	152	156	178	200	191	193	96	102	133	161	189	189
JH	JH2-6	86	98	143	145	198	204	125	125	156	156	178	178	191	193	102	104	127	133	187	187
JH	JH2-7	86	86	143	147	200	204	125	125	144	156	178	178	193	193	104	104	145	151	187	189
JH	JH2-8	94	94	143	143	198	200	123	125	156	156	194	206	191	193	80	114	157	173	189	189
JH	JH3-1	94	98	139	143	198	202	123	123	156	158	178	194	193	193	114	114	157	161	189	189
JH	JH3-2	94	100	143	145	204	204	125	125	144	156	178	194	193	203	98	98	145	161	189	189
JH	JH3-3	86	86	139	141	204	204	123	125	144	154	178	198	189	193	98	106	127	159	187	189
JH	JH3-4	94	98	139	143	198	204	123	125	156	160	178	198	193	193	106	114	145	161	189	189
JH	JH3-5	86	86	143	147	204	204	125	125	156	156	194	200	193	193	104	104	145	147	189	189
JH	JH3-6	86	98	139	143	202	202	125	125	152	156	178	200	189	193	104	106	151	155	187	189
JH	JH3-8	96	98	141	145	202	204	123	125	140	140	202	202	193	193	96	98	145	145	187	187
JH	JH4-1	86	98	141	141	204	204	125	125	144	144	198	200	189	193	106	106	159	161	189	189
JH	JH4-2	94	98	139	143	198	202	121	125	152	156	198	198	193	193	102	104	145	161	185	187
JH	JH4-3	86	98	141	141	192	204	125	125	152	152	200	200	195	195	104	104	163	163	189	189
JH	JH4-4	96	98	147	147	204	204	123	123	152	152	178	200	187	189	98	114	143	143	189	189
JH	JH4-5	96	98	143	149	196	200	123	125	152	158	178	196	193	195	100	104	157	157	187	189
JH	JH4-7	86	98	141	147	204	204	123	125	152	152	178	178	187	193	104	104	157	157	187	189
TM	TM1-1	98	98	139	145	202	202	123	129	148	148	200	200	187	193	102	102	145	147	189	189
TM	TM1-2	98	106	139	139	202	204	121	129	148	148	196	204	189	195	102	108	145	145	187	187
TM	TM1-3	98	98	143	143	198	200	123	125	144	148	200	204	191	195	96	104	145	147	187	189
TM	TM1-4	98	98	141	143	202	204	121	123	154	156	196	198	189	191	104	108	147	147	183	187
TM	TM1-5	98	98	139	141	200	200	125	125	138	138	202	204	189	191	108	108	145	163	187	189
TM	TM1-6	98	98	139	145	200	204	125	127	150	156	200	204	187	191	96	106	145	147	187	189
TM	TM1-7	92	96	141	145	202	204	121	123	144	144	202	204	189	191	104	108	145	147	187	187
TM	TM1-8	98	98	139	145	200	204	125	125	148	156	204	204	193	195	96	98	147	159	183	189
TM	TM2-1	86	98	139	141	200	204	121	125	140	140	200	202	187	195	96	108	147	163	187	189
TM	TM2-2	98	106	139	149	198	200	123	125	150	156	196	196	191	193	96	104	157	163	187	187
TM	TM2-3	98	106	139	149	198	200	125	129	138	138	202	204	193	195	96	104	155	157	187	187
TM	TM2-4	106	106	139	139	202	204	129	129	138	148	196	202	187	195	102	102	145	145	187	187
TM	TM2-5	98	106	139	145	198	202	123	129	144	144	200	204	191	193	102	104	157	163	187	187
TM	TM2-6	96	98	141	143	200	202	121	125	144	144	204	204	189	195	106	108	151	161	187	187
TM	TM2-7	86	98	143	143	198	202	123	125	144	144	198	202	189	191	104	106	147	159	183	187
TM	TM2-8	96	98	141	143	200	200	117	117	138	138	178	204	191	191	98	104	147	157	183	187
TM	TM3-1	98	98	145	145	200	202	121	125	150	150	202	204	191	193	96	108	145	145	187	189
TM	TM3-2	98	98	141	143	200	200	123	125	138	138	200	202	193	195	104	104	147	161	187	187
TM	TM3-3	86	96	143	143	200	200	125	125	138	146	178	178	191	195	104	104	145	163	187	189
TM	TM3-4	86	100	139	143	202	202	123	125	140	148	200	204	195	195	100	104	147	157	187	187
TM	TM3-5	86	98	139	145	200	204	123	127	140	144	202	202	189	191	96	106	147	163	187	187
TM	TM3-6	86	92	141	149	202	204	121	125	144	148	196	204	191	195	108	114	145	145	183	189
TM	TM3-8	96	98	141	145	202	202	125	125	144	148	178	204	187	191	104	108	151	159	187	187
TM	TM4-1	98	98	145	145	202	204	121	129	148	154	198	204	189	195	104	108	159	161	187	189
TM	TM4-2	98	98	141	141	200	202	127	127	144	150	176	178	193	195	106	106	147	157	187	187
TM	TM4-3	98	98	139	149	202	204	123	125	148	156	178	204	189	193	104	104	157	163	183	189
TM	TM4-5	96	106	139	139	200	200	125	129	146	148	204	204	189	189	108	108	145	163	187	187
TM	TM4-6	86	96	141	143	200	202	125	129	138	138	178	198	187	187	102	106	145	161	187	187
TM	TM4-7	98	98	143	143	200	202	125	125	138	148	178	200	189	191	96	104	155	157	187	187
XJ	XJ1-1	98	102	145	145	202	202	127	127	142	144	178	178	191	191	102	106	153	159	189	189
XJ	XJ1-2	94	98	145	145	202	202	119	131	144	144	178	198	195	195	94	104	153	153	189	189
XJ	XJ1-3	94	102	127	127	202	204	125	127	144	150	178	178	193	197	102	106	131	153	191	191
XJ	XJ1-4	94	98	143	143	202	202	127	131	150	150	178	180	197	197	94	102	153	155	187	187
XJ	XJ1-5	98	102	145	149	196	206	125	125	150	150	178	196	189	189	106	108	153	153	187	187
XJ	XJ1-6	104	104	145	149	190	202	127	131	148	148	180	196	191	193	94	96	163	163	185	187
XJ	XJ1-7	94	102	147	147	196	196	125	127	150	150	178	198	197	197	96	106	153	153	187	189
XJ	XJ1-8	102	102	145	147	196	196	127	127	150	150	178	178	197	197	96	96	153	163	189	191
XJ	XJ2-1	86	102	145	145	202	208	127	129	140	144	178	196	197	197	96	100	153	165	187	187
XJ	XJ2-2	94	102	143	145	196	202	127	127	148	154	178	178	195	195	102	102	153	153	187	187
XJ	XJ2-3	102	102	143	145	202	204	123	125	142	146	178	178	193	193	106	108	155	161	187	191
XJ	XJ2-4	98	102	145	145	202	202	127	129	140	144	178	178	195	197	94	102	131	153	187	191
XJ	XJ2-5	94	102	145	147	202	202	125	127	140	144	178	178	193	195	102	106	147	155	189	191
XJ	XJ2-6	94	102	145	149	202	202	125	125	142	142	178	178	195	197	102	104	155	159	189	191
XJ	XJ2-7	94	98	145	149	196	202	119	125	142	142	198	198	195	197	104	106	153	155	189	189
XJ	XJ2-8	98	102	145	145	196	196	125	131	142	150	178	196	189	189	94	108	157	157	189	189
XJ	XJ3-1	102	102	145	149	202	202	125	127	142	146	178	198	193	195	98	106	153	163	187	189
XJ	XJ3-2	94	102	143	143	202	202	125	127	142	146	178	200	193	193	98	106	155	155	189	189
XJ	XJ3-3	96	96	145	149	190	202	125	129	138	150	196	196	193	193	100	106	157	161	191	191
XJ	XJ3-4	102	102	143	153	202	202	127	127	142	142	178	200	195	195	96	98	163	163	187	189
XJ	XJ3-5	94	94	127	145	204	204	125	125	142	150	178	178	193	193	106	106	131	153	189	191
XJ	XJ3-6	94	102	143	145	202	204	125	131	148	150	178	180	193	193	94	106	153	161	187	189
XJ	XJ3-7	90	98	147	147	196	198	125	127	146	150	198	200	189	195	100	106	155	161	187	191
XJ	XJ3-8	98	98	143	147	196	204	125	127	150	150	178	178	193	193	106	106	155	163	187	191
XJ	XJ4-1	94	94	143	143	194	200	131	131	150	150	178	178	193	193	94	94	153	167	187	189
XJ	XJ4-2	98	98	143	143	194	202	127	127	150	150	178	178	193	197	102	102	155	167	187	187
XJ	XJ4-3	96	104	149	149	196	200	125	131	148	148	202	202	187	191	94	96	163	163	189	191
XJ	XJ4-4	94	96	149	149	202	202	127	127	144	150	198	202	197	197	100	108	153	157	187	189
XJ	XJ4-5	96	100	143	145	202	208	125	131	138	148	196	204	189	193	94	106	149	155	185	191
XJ	XJ4-6	102	104	145	149	198	202	125	131	142	150	178	204	189	197	94	106	153	157	185	189
XJ	XJ4-8	94	102	143	147	196	196	125	125	152	152	198	198	199	199	106	106	153	153	187	187
SH	SH1-1	100	100	139	147	202	206	123	125	140	144	176	196	193	193	102	108	153	165	187	187
SH	SH1-2	98	100	141	145	204	206	123	127	146	150	176	204	191	193	102	104	155	157	187	187
SH	SH1-4	96	98	135	145	202	204	125	127	144	144	178	204	191	197	102	104	159	165	187	189
SH	SH1-5	98	100	135	137	202	206	125	127	154	154	178	200	193	197	110	114	149	155	187	187
SH	SH1-7	100	108	143	149	202	204	125	127	148	154	178	194	191	193	104	108	161	165	187	191
SH	SH2-2	100	104	143	145	202	206	125	127	142	146	178	178	193	193	98	104	153	157	187	187
SH	SH2-5	104	108	135	141	200	202	123	125	146	156	198	200	191	193	96	108	157	163	187	189
SH	SH2-6	108	108	141	141	200	204	125	125	142	150	194	204	191	195	108	108	149	153	187	187
SH	SH2-7	98	100	143	143	202	204	125	127	144	156	194	204	195	201	104	104	131	147	187	187
SH	SH3-1	98	100	135	145	200	206	121	127	144	154	178	196	191	195	102	104	155	165	187	187
SH	SH3-2	96	104	145	147	200	204	127	127	144	144	178	204	191	195	104	104	157	157	187	187
SH	SH3-3	100	108	141	151	200	202	125	127	136	150	178	178	191	195	104	108	157	161	187	189
SH	SH3-4	100	106	137	149	200	200	125	125	146	160	178	204	191	193	104	108	133	161	187	187
SH	SH3-5	98	100	135	147	200	206	121	127	154	156	178	178	193	195	102	104	143	165	187	189
SH	SH3-6	94	106	143	143	198	206	123	125	140	144	178	204	195	195	96	98	165	165	187	189
SH	SH3-7	100	100	141	145	206	206	123	125	154	154	200	202	193	195	98	104	165	167	187	187
SH	SH3-8	98	98	143	147	202	206	125	125	146	156	184	198	195	195	108	108	157	157	187	187
SH	SH4-1	98	104	137	143	200	206	125	125	144	154	178	200	191	191	98	108	151	157	187	189
SH	SH4-2	86	98	147	149	202	206	125	125	156	156	194	204	193	195	108	108	147	157	187	187
SH	SH4-3	96	98	141	141	204	206	123	127	144	146	178	200	195	197	104	108	153	163	189	189
SH	SH4-4	108	108	141	149	202	206	123	125	140	156	178	204	193	195	96	108	147	165	189	193
SH	SH4-5	96	100	143	145	200	202	125	125	148	156	202	204	193	193	102	108	153	165	189	189
SH	SH4-6	102	108	139	145	200	204	125	127	146	146	178	178	191	193	102	104	155	157	189	193
SH	SH4-7	98	108	143	149	200	200	123	125	144	162	178	196	189	191	104	108	153	165	189	189
XS	XS1-1	98	100	137	145	196	212	125	131	144	144	178	196	195	195	98	112	157	167	187	189
XS	XS1-2	98	98	143	157	196	200	123	123	144	144	178	178	193	193	96	108	159	161	187	189
XS	XS1-3	94	98	145	149	202	202	123	125	148	150	178	200	191	197	96	108	155	161	187	187
XS	XS1-4	98	106	143	145	196	202	125	125	142	144	178	198	195	197	98	104	159	165	187	187
XS	XS1-5	96	98	137	145	200	202	125	127	148	150	200	200	193	197	102	102	155	155	185	187
XS	XS1-6	96	106	137	145	196	198	131	131	146	150	178	178	199	199	96	96	157	159	187	191
XS	XS1-7	96	100	135	141	196	200	125	131	142	148	178	200	191	195	96	112	151	157	185	187
XS	XS1-8	96	106	139	151	202	202	125	131	142	148	178	204	195	199	98	102	153	153	187	189
XS	XS2-1	98	100	139	143	200	202	125	125	144	150	176	194	195	197	98	98	151	161	187	187
XS	XS2-2	98	100	145	147	196	200	125	129	144	146	178	178	195	195	98	98	157	159	191	191
XS	XS2-3	98	102	137	137	196	202	127	131	144	144	176	204	197	197	96	96	157	173	187	187
XS	XS2-4	90	94	139	151	200	202	125	125	140	144	180	200	197	201	98	116	147	157	187	191
XS	XS2-5	94	96	145	145	200	204	127	127	142	148	184	196	185	199	100	102	155	155	187	189
XS	XS2-8	94	96	139	145	202	202	125	125	148	150	178	200	193	197	96	102	161	165	187	193
XS	XS3-1	96	102	145	145	202	202	125	129	148	148	176	200	197	201	102	102	153	159	187	193
XS	XS3-2	98	100	137	143	196	200	125	129	144	148	198	200	189	195	98	98	153	155	187	187
XS	XS3-3	100	112	139	147	196	202	125	127	142	150	178	180	195	201	98	110	151	165	187	187
XS	XS3-4	90	106	145	151	196	200	125	125	142	144	192	192	195	201	98	98	151	155	187	191
XS	XS3-5	98	104	143	145	198	202	125	125	144	150	176	200	187	195	98	98	147	155	187	191
XS	XS3-7	90	100	145	147	196	202	121	129	148	150	198	200	187	187	98	104	151	161	187	187
XS	XS3-8	96	100	137	141	200	202	125	129	148	154	198	202	191	197	96	96	157	157	189	191
XS	XS4-1	90	100	151	151	196	200	127	131	148	150	180	204	191	195	102	112	151	173	187	191
XS	XS4-2	94	98	145	157	202	204	125	131	136	150	178	178	197	197	96	100	155	157	191	191
XS	XS4-3	90	106	139	151	196	196	125	125	150	150	178	204	193	199	102	108	153	153	187	189
XS	XS4-4	98	100	135	143	202	202	125	125	144	150	176	198	201	201	98	116	151	157	187	187
XS	XS4-5	98	102	135	147	202	202	125	125	144	144	176	178	195	201	98	116	151	157	187	187
XS	XS4-6	94	94	143	147	202	202	127	127	150	150	176	204	193	193	98	98	155	157	187	191
XS	XS4-7	94	96	143	145	196	202	125	125	148	148	176	206	189	201	96	98	157	157	187	191
XS	XS4-8	94	96	147	149	196	196	125	131	140	146	178	204	193	195	98	98	155	157	187	187
TT	TT1-1	94	110	137	137	202	208	127	129	144	148	178	202	193	199	98	102	153	153	187	187
TT	TT1-2	94	96	147	149	194	194	127	129	144	144	178	178	195	197	102	102	155	161	187	191
TT	TT1-3	98	98	137	145	202	202	129	129	144	144	178	202	197	197	96	100	151	159	187	189
TT	TT1-4	98	98	143	143	204	204	129	129	144	148	176	178	187	187	98	98	151	151	193	193
TT	TT1-5	96	96	133	137	200	204	127	127	142	144	180	184	195	199	96	112	153	159	185	185
TT	TT1-6	98	98	133	145	200	204	127	127	142	150	178	184	191	197	96	96	155	155	185	189
TT	TT1-7	102	106	137	145	196	200	123	127	144	146	198	200	195	197	98	104	157	157	189	189
TT	TT1-8	90	96	137	145	202	208	127	127	144	146	178	202	197	199	104	110	151	153	189	189
TT	TT2-1	94	110	137	137	202	208	127	127	144	148	178	202	197	199	98	102	153	153	189	189
TT	TT2-2	96	100	137	139	200	202	127	127	144	146	176	176	195	195	98	98	153	157	191	191
TT	TT2-3	98	104	137	145	202	204	123	127	144	148	180	200	195	197	98	110	153	153	189	191
TT	TT2-4	104	104	141	145	200	200	129	129	142	144	176	178	195	199	98	98	147	153	187	187
TT	TT2-5	100	110	137	137	202	202	127	129	150	150	180	180	195	197	98	102	151	153	187	187
TT	TT2-6	94	94	137	145	202	202	127	127	144	144	182	200	195	197	98	98	151	151	187	187
TT	TT2-7	94	96	141	145	202	204	127	127	142	146	178	180	193	197	96	98	153	159	187	191
TT	TT2-8	94	96	137	157	198	202	127	129	144	148	178	178	191	191	102	112	135	153	187	191
TT	TT3-1	96	96	137	151	200	202	125	127	142	144	180	184	187	195	112	112	153	159	185	187
TT	TT3-3	96	98	143	145	202	212	123	129	132	150	176	202	189	197	102	110	155	159	187	189
TT	TT3-4	96	98	139	145	196	202	129	131	146	156	180	182	197	201	102	112	151	159	187	191
TT	TT3-5	96	106	145	147	196	196	127	127	148	148	180	200	197	199	102	104	151	157	189	191
TT	TT3-6	96	96	147	147	202	202	125	125	146	146	202	202	189	189	104	104	155	155	187	187
TT	TT3-7	96	96	145	147	200	202	125	127	142	144	176	202	195	197	102	104	159	161	187	187
TT	TT3-8	96	98	143	143	204	204	129	131	144	148	176	176	187	193	98	108	151	151	187	191
TT	TT4-1	96	96	137	149	202	204	127	127	144	144	178	178	191	199	102	104	153	159	187	191
TT	TT4-2	94	96	137	147	200	212	127	129	132	152	178	198	193	195	98	102	157	159	189	191
TT	TT4-3	96	100	145	145	196	204	125	127	146	148	178	204	191	201	102	102	149	159	185	191
TT	TT4-4	98	102	137	139	204	210	123	123	144	146	196	196	191	191	100	102	159	159	191	191
TT	TT4-5	96	96	135	145	200	202	123	123	148	148	180	202	195	195	110	110	149	151	187	187
TT	TT4-6	100	108	145	145	196	210	125	127	146	146	180	204	187	191	98	102	149	159	187	191
TT	TT4-8	96	96	139	149	194	210	127	129	144	144	178	178	195	197	102	102	161	161	187	191
BF	BF1-1	96	96	141	141	202	202	125	125	142	148	178	192	193	197	104	104	153	161	187	187
BF	BF1-2	98	100	137	145	196	210	127	127	132	146	178	180	191	197	100	102	153	157	187	193
BF	BF1-3	96	100	139	139	196	208	123	125	152	152	178	178	185	199	96	96	157	159	187	187
BF	BF1-4	94	96	145	147	200	202	127	129	146	148	180	182	189	191	102	104	151	165	187	197
BF	BF1-5	96	106	145	147	200	200	127	127	146	148	184	192	189	189	102	102	159	159	187	187
BF	BF1-6	96	104	135	139	200	204	125	125	144	148	176	178	197	199	98	98	159	163	185	187
BF	BF2-1	96	98	137	147	202	202	127	127	144	148	178	178	185	191	102	102	159	167	187	189
BF	BF2-2	96	98	147	157	202	202	125	127	152	152	178	200	187	193	100	102	163	163	187	187
BF	BF2-3	96	98	135	149	202	202	123	125	144	148	178	180	197	199	100	100	151	159	187	187
BF	BF2-4	104	104	143	147	196	196	125	125	142	142	178	202	195	197	102	102	157	157	187	187
BF	BF2-5	96	106	135	139	200	202	123	129	146	148	198	198	191	195	96	98	151	159	191	197
BF	BF2-6	96	104	139	145	196	202	131	131	148	148	178	180	189	195	98	102	153	161	187	187
BF	BF2-7	96	96	135	147	200	200	125	131	142	148	176	200	185	197	98	98	155	163	187	187
BF	BF2-8	96	98	135	147	200	200	127	131	144	144	176	200	185	197	98	110	155	163	187	187
BF	BF3-1	96	98	135	137	200	200	125	127	144	148	176	178	195	195	98	110	163	163	187	187
BF	BF3-2	96	96	145	147	200	204	127	129	142	144	178	206	195	197	102	102	159	159	187	191
BF	BF3-3	96	96	145	147	200	204	127	129	142	146	178	206	195	197	102	110	155	159	187	191
BF	BF3-6	96	106	145	151	200	200	123	127	142	148	178	178	187	187	102	106	155	159	187	191
BF	BF3-7	96	96	145	151	200	200	125	127	142	148	178	178	187	187	104	106	159	159	191	191
BF	BF3-8	102	102	135	145	204	204	123	123	144	144	180	180	195	195	98	98	157	159	187	191
BF	BF4-1	90	90	145	145	204	204	125	125	144	144	178	180	191	191	102	102	159	159	187	197
BF	BF4-3	94	96	145	145	200	202	125	127	144	146	178	178	197	199	102	118	157	157	187	187
BF	BF4-4	94	96	145	149	200	202	125	127	144	146	178	178	195	197	102	118	157	157	187	187
BF	BF4-5	90	106	145	149	200	200	123	129	146	154	180	180	185	199	100	102	147	159	189	191
BF	BF4-7	98	100	137	145	196	202	127	127	146	146	178	180	189	191	100	102	153	157	187	193
BF	BF4-8	96	96	141	141	202	208	125	125	142	148	178	192	197	197	100	100	153	161	187	187
LH	LH2-5	96	104	145	147	200	204	123	129	144	150	178	208	195	195	98	110	153	163	187	187
LH	LH2-7	96	96	149	149	204	206	127	127	142	146	176	206	187	199	102	102	161	161	187	187
LH	LH3-1	94	100	137	147	200	200	127	127	132	154	178	198	185	199	104	104	157	163	187	191
LH	LH3-2	94	98	133	139	194	202	123	127	142	144	198	206	191	199	102	110	153	155	187	187
LH	LH3-3	96	98	133	145	200	200	123	125	148	148	178	180	199	199	102	110	153	153	187	187
LH	LH3-4	96	96	137	145	200	204	125	127	144	148	198	198	189	191	96	100	161	161	187	191
LH	LH3-5	96	106	145	147	196	202	123	125	142	148	200	206	187	191	100	104	157	161	189	191
LH	LH3-6	100	100	143	147	200	200	127	127	132	154	178	180	185	199	104	104	153	163	191	191
LH	LH3-8	94	96	141	143	198	204	125	127	146	154	178	198	191	199	100	102	153	163	187	189
LH	LH4-1	96	100	137	147	200	202	127	127	148	154	178	178	195	199	102	104	163	165	187	191
LH	LH4-2	96	96	141	149	196	204	127	131	142	146	178	178	195	199	96	102	159	161	187	187
LH	LH4-3	96	106	137	145	200	202	127	129	144	144	178	198	185	195	102	110	157	161	189	191
LH	LH4-4	96	96	145	147	200	206	125	125	148	148	180	198	191	193	98	104	159	159	187	187
LH	LH4-5	96	98	145	147	200	202	127	129	142	150	178	178	189	191	98	102	157	173	187	187
LH	LH4-6	96	96	143	147	200	204	127	129	144	150	178	208	195	195	100	110	153	163	187	187
MS	MS1-1	96	102	137	141	200	202	123	127	146	146	178	200	185	197	100	110	153	157	187	191
MS	MS1-2	100	106	145	147	202	202	127	127	148	152	178	180	195	195	100	102	159	161	187	189
MS	MS1-3	96	106	149	149	196	202	127	127	132	152	178	200	195	195	100	100	161	161	193	197
MS	MS1-4	96	100	147	147	202	202	125	129	144	146	178	196	195	195	98	98	159	159	187	187
MS	MS1-7	100	106	147	147	202	202	129	129	144	144	178	178	195	195	98	110	159	159	187	187
MS	MS2-1	106	106	139	157	200	202	127	127	142	144	180	180	195	195	102	102	161	161	187	187
MS	MS3-1	96	100	135	147	202	202	125	129	144	144	180	180	195	195	98	98	159	159	187	187
MS	MS4-2	106	106	147	153	202	202	127	131	144	152	178	178	187	193	98	102	153	159	187	191
MS	MS4-4	112	112	135	143	210	212	127	127	152	152	196	196	199	199	102	102	157	163	187	187
DX	DX1-1	106	106	145	147	200	206	123	131	146	154	180	204	195	197	106	108	161	161	189	193
DX	DX1-2	96	100	145	145	196	202	123	127	144	146	178	178	193	197	98	102	157	157	189	193
DX	DX1-3	96	114	137	149	202	208	123	127	146	146	176	180	197	197	98	110	159	159	191	193
DX	DX1-4	96	98	141	149	196	196	127	129	144	148	178	200	187	195	98	102	155	163	189	193
DX	DX1-5	96	102	143	145	196	208	123	125	144	144	178	178	185	191	98	100	155	159	189	193
DX	DX1-7	102	102	141	149	200	202	127	127	144	146	178	200	189	197	98	98	153	157	189	193
DX	DX1-8	96	102	141	145	200	202	123	127	146	148	180	196	189	191	102	102	155	159	193	193
DX	DX2-2	96	102	145	149	196	202	127	127	144	146	178	180	197	197	98	98	153	159	189	193
DX	DX2-4	96	100	145	145	202	210	123	127	144	146	178	178	197	197	98	102	157	159	189	193
DX	DX2-5	96	102	141	143	200	202	129	129	144	144	178	196	187	189	102	102	151	151	189	199
DX	DX2-8	96	106	149	149	196	200	125	131	144	152	178	178	193	195	96	104	155	159	189	191
DX	DX3-1	96	102	141	145	202	208	123	127	148	148	180	196	189	191	102	102	155	159	193	193
DX	DX3-4	96	114	137	149	202	208	123	127	146	152	180	180	197	197	98	110	151	159	191	193
DX	DX3-5	96	114	137	149	202	208	123	127	146	152	180	180	197	197	98	110	159	159	189	191
DX	DX3-7	96	96	147	151	196	196	129	129	144	152	178	178	195	195	102	102	153	159	189	189
DX	DX3-8	96	106	143	151	196	196	127	129	152	152	178	178	195	195	98	102	153	153	189	189
DX	DX4-2	98	106	145	147	200	210	127	131	148	154	178	178	195	199	98	112	159	159	189	189
DX	DX4-3	96	102	143	145	196	196	123	125	144	148	178	178	185	191	98	100	155	159	189	193
DX	DX4-4	96	96	145	145	206	210	127	127	144	154	178	198	193	197	102	102	157	159	189	189
DM	DM1-1	104	106	145	145	196	202	123	127	140	146	178	178	193	193	98	100	155	159	187	191
DM	DM1-2	94	96	129	147	194	208	123	127	146	146	178	178	191	195	98	98	155	165	189	191
DM	DM1-3	96	96	147	147	196	196	129	129	140	148	178	180	185	189	110	110	159	159	191	191
DM	DM1-8	96	106	145	145	200	200	123	123	146	148	184	202	193	197	100	100	153	155	191	191
DM	DM2-1	98	104	145	145	196	200	125	127	140	146	178	178	193	193	98	98	155	155	189	191
DM	DM2-2	98	104	145	145	196	202	125	127	140	148	178	178	187	193	98	98	155	159	189	191
DM	DM2-3	96	98	135	145	194	208	125	129	146	152	178	202	193	197	110	110	149	155	187	187
DM	DM2-4	96	96	135	145	194	208	125	129	146	150	178	202	197	197	98	108	149	155	187	187
DM	DM2-5	106	106	129	145	200	200	123	127	144	144	200	200	193	193	98	102	143	165	189	189
DM	DM2-6	100	106	129	129	200	200	123	129	144	144	200	200	193	193	98	110	151	165	189	189
DM	DM2-7	96	96	147	147	196	196	129	129	140	148	178	178	185	197	110	110	157	159	189	191
DM	DM2-8	96	96	147	147	196	196	129	129	140	148	178	178	185	197	110	110	159	159	191	191
DM	DM3-7	96	106	145	145	200	200	123	123	144	148	184	202	193	197	100	100	155	155	187	191
DM	DM3-8	96	106	145	145	200	200	123	123	144	148	184	202	193	193	100	100	153	155	187	191
DM	DM4-2	106	106	143	147	196	196	127	127	146	146	194	194	201	201	102	102	165	165	187	191
DM	DM4-3	106	106	147	147	196	202	127	127	146	146	178	202	193	193	102	102	165	165	187	187
DM	DM4-6	96	100	145	145	200	200	123	129	144	146	182	200	191	197	100	102	155	165	187	189
DM	DM4-7	96	100	145	145	200	200	129	129	144	148	178	200	191	197	102	110	155	165	187	189
DM	DM4-8	96	100	145	145	200	200	123	129	144	148	182	200	191	197	100	102	155	165	187	189
PC	PC1-1	96	102	137	141	194	196	123	129	142	146	178	180	193	195	102	110	157	165	187	187
PC	PC1-2	96	98	145	145	202	202	127	129	140	150	182	200	185	187	102	104	165	167	187	189
PC	PC1-3	96	96	145	145	200	202	127	129	146	148	178	184	193	197	102	112	155	161	187	187
PC	PC1-5	96	96	129	147	194	208	125	127	144	144	178	178	193	197	110	112	155	157	187	197
PC	PC1-7	96	98	141	145	200	204	125	129	146	146	178	180	191	199	104	110	155	163	187	187
PC	PC1-8	96	96	137	145	202	210	129	129	140	146	178	180	189	201	110	110	155	155	185	187
PC	PC2-1	98	98	141	145	194	194	127	127	146	148	200	200	185	197	104	104	155	161	187	187
PC	PC2-2	96	96	141	145	196	200	127	129	140	152	184	202	197	197	100	110	155	155	191	191
PC	PC2-3	96	96	137	145	200	208	123	129	146	150	178	178	197	197	98	110	151	155	187	191
PC	PC2-5	90	98	145	149	196	200	123	129	140	146	180	182	191	193	98	98	151	155	187	187
PC	PC2-6	96	96	129	147	194	208	125	129	144	150	178	178	193	197	110	110	155	157	191	197
PC	PC2-7	90	106	137	147	196	210	123	127	146	150	178	180	197	197	98	102	157	157	187	191
PC	PC3-1	96	96	129	145	196	204	127	129	146	148	178	178	195	197	102	110	165	165	187	187
PC	PC3-2	96	96	129	141	200	208	125	129	146	146	180	202	189	197	110	110	155	165	187	191
PC	PC3-3	90	96	145	147	194	202	123	129	146	148	178	180	197	197	110	110	155	167	187	187
PC	PC3-4	92	98	141	145	196	204	123	127	144	146	178	196	189	195	98	102	155	167	187	187
PC	PC3-5	96	106	141	145	204	208	127	127	144	148	178	180	195	195	98	102	155	167	187	187
PC	PC3-6	96	106	129	141	200	210	127	127	146	146	178	178	193	199	110	110	155	161	187	187
PC	PC3-7	96	96	141	145	200	200	123	131	146	146	178	202	185	189	96	100	155	159	187	191
PC	PC4-1	96	96	145	145	202	202	127	129	146	148	178	178	193	193	104	110	155	159	187	191
PC	PC4-2	100	100	143	143	202	202	127	129	148	148	184	184	187	193	102	102	165	165	187	187
PC	PC4-4	96	98	145	147	202	202	123	129	140	146	178	200	193	197	100	100	155	155	187	197
PC	PC4-5	90	100	143	145	204	210	125	127	146	148	180	184	185	191	102	110	155	155	185	187
PC	PC4-6	98	98	149	149	204	204	129	129	146	146	178	178	185	185	100	100	155	155	187	187
PC	PC4-8	98	98	149	149	204	204	129	129	146	146	178	178	185	185	100	100	155	155	187	187
AS	AS1-1	96	96	129	145	200	202	127	129	144	148	178	180	197	199	106	108	155	165	187	197
AS	AS1-3	90	96	129	137	200	200	121	127	140	148	178	178	193	197	98	104	161	165	189	197
AS	AS1-4	96	98	129	129	194	202	127	129	146	148	178	178	197	199	100	108	165	165	189	191
AS	AS1-6	96	102	143	145	202	208	123	125	152	152	178	196	189	197	98	106	161	165	197	197
AS	AS1-7	96	96	143	143	196	200	123	125	144	146	178	180	191	193	98	100	161	161	189	191
AS	AS1-8	96	96	143	143	196	200	123	125	144	152	178	180	191	193	98	100	161	161	189	191
XX	XX1-1	96	98	141	145	200	202	127	127	140	144	180	196	191	193	102	102	155	155	187	187
XX	XX1-3	96	96	145	147	200	202	129	129	146	146	196	196	193	195	102	110	151	159	187	187
XX	XX1-4	96	96	135	145	200	202	123	125	146	146	178	178	187	197	98	100	155	155	187	189
XX	XX1-5	90	96	141	145	194	202	125	129	146	148	178	198	193	197	110	110	151	159	187	187
XX	XX1-6	98	106	147	147	198	210	127	127	148	148	184	184	195	195	100	106	155	167	187	187
XX	XX1-7	90	90	141	141	196	196	123	123	146	154	178	178	193	197	100	100	155	155	187	189
XX	XX1-8	90	96	145	145	200	202	129	129	144	148	178	180	187	187	102	112	151	165	187	187
XX	XX2-1	96	96	141	147	194	200	123	127	146	146	180	184	193	195	100	110	155	161	189	191
XX	XX2-2	90	96	129	141	202	202	129	129	146	146	178	178	193	193	110	112	151	159	187	189
XX	XX2-4	96	96	145	145	202	208	125	129	146	146	178	184	193	195	98	110	155	155	187	187
XX	XX2-5	96	96	141	147	194	200	123	123	146	146	178	184	193	195	100	100	155	161	191	191
XX	XX2-6	96	104	141	145	202	208	123	129	146	146	184	196	189	197	100	112	155	155	187	191
XX	XX2-7	96	96	141	147	200	202	127	127	144	146	178	200	185	197	104	110	153	153	187	189
XX	XX2-8	96	96	143	145	196	208	127	129	140	146	180	196	193	195	100	112	155	155	187	189
XX	XX3-1	96	100	141	145	200	202	127	129	146	148	198	202	185	191	102	110	155	157	187	197
XX	XX3-2	96	100	137	145	200	202	127	129	146	148	178	198	191	191	102	110	155	165	187	191
XX	XX3-3	90	90	141	147	196	196	125	127	146	148	180	184	197	197	98	102	159	161	187	189
XX	XX3-4	90	100	141	141	202	208	125	127	144	148	178	178	193	199	98	102	147	165	187	187
XX	XX3-5	90	96	141	145	202	208	129	129	144	146	178	180	187	193	102	112	151	157	187	187
XX	XX3-7	98	98	141	141	196	208	127	127	144	144	182	198	197	199	102	102	157	159	187	187
XX	XX4-1	96	98	145	145	196	208	125	129	146	146	178	196	187	197	110	112	151	153	187	187
XX	XX4-2	96	98	145	145	196	208	125	129	146	146	178	196	185	197	110	112	151	155	187	187
XX	XX4-3	96	106	145	147	196	204	127	129	146	148	180	198	193	197	102	112	151	157	189	191
XX	XX4-4	98	106	147	147	198	200	125	127	148	148	180	184	195	195	102	106	155	167	187	187
XX	XX4-6	96	98	145	147	202	210	123	123	146	146	184	196	185	195	100	102	151	155	187	191
XX	XX4-7	90	98	141	145	196	196	123	127	146	154	178	178	193	197	100	102	155	155	187	189
XX	XX4-8	98	98	141	145	204	204	127	127	146	148	178	184	197	197	102	102	155	165	187	187
DH	DH1-1	90	98	141	147	200	202	127	127	132	150	178	198	185	191	102	110	159	167	189	191
DH	DH1-2	96	106	145	147	196	198	123	127	140	148	182	182	193	197	102	110	151	155	187	191
DH	DH1-3	90	106	129	129	196	204	127	127	138	138	178	180	197	199	98	110	151	167	189	189
DH	DH1-4	90	98	129	145	196	202	127	127	142	144	178	178	185	197	102	102	151	153	187	187
DH	DH1-5	90	92	145	145	200	202	127	129	132	148	178	178	193	197	100	102	155	155	187	187
DH	DH1-6	90	94	129	145	200	202	123	123	140	144	180	198	193	193	110	110	153	155	187	191
DH	DH1-7	96	98	145	145	200	200	123	127	148	148	178	178	191	193	102	104	155	155	187	189
DH	DH1-8	96	106	137	143	196	196	127	127	146	148	178	196	191	193	102	110	155	161	187	191
DH	DH2-1	98	102	143	145	194	200	127	127	146	146	180	202	185	197	100	102	165	165	187	187
DH	DH2-3	98	106	145	145	198	202	123	125	132	148	178	202	193	193	106	112	155	165	187	191
DH	DH2-5	96	98	129	129	196	200	123	123	148	152	178	180	185	193	98	100	159	161	187	191
DH	DH2-6	96	96	129	147	200	204	125	127	148	152	178	180	185	191	98	102	153	153	187	187
DH	DH2-7	106	106	133	145	196	202	123	127	132	140	178	178	185	199	98	104	151	155	187	189
DH	DH2-8	96	98	129	145	196	200	123	123	146	148	178	196	189	193	98	98	165	167	189	197
DH	DH3-1	96	98	129	143	198	202	127	127	132	144	178	178	193	195	102	110	151	159	187	189
DH	DH3-2	90	98	143	147	202	204	127	127	146	152	178	184	185	193	102	108	155	161	189	191
DH	DH3-3	96	98	145	145	200	200	127	127	148	148	178	180	185	193	98	98	151	159	187	187
DH	DH3-4	96	98	129	145	198	200	127	129	132	140	178	180	185	197	108	110	165	165	187	191
DH	DH3-5	98	98	129	129	198	200	127	127	146	148	178	180	185	185	102	110	151	165	187	191
DH	DH3-6	98	106	129	129	200	202	127	127	146	146	180	180	193	193	108	108	167	167	197	197
DH	DH3-7	98	98	137	145	196	196	123	123	148	148	178	182	189	191	104	104	161	167	187	187
DH	DH4-1	90	90	145	145	200	200	123	123	146	148	180	202	197	197	98	98	155	155	187	187
DH	DH4-2	98	98	145	145	198	198	127	127	146	152	178	202	193	193	102	102	149	151	187	187
DH	DH4-3	90	90	129	145	200	200	123	123	140	140	180	180	193	193	110	110	153	155	187	197
DH	DH4-4	96	102	143	145	194	194	123	127	148	148	180	182	185	193	98	100	165	165	187	187
DH	DH4-5	96	100	137	147	196	204	127	127	146	148	178	180	185	185	102	104	155	159	187	191
DH	DH4-6	96	98	145	145	196	196	127	127	146	148	178	178	193	197	102	110	155	161	189	191
DH	DH4-7	98	102	145	145	196	196	127	127	146	148	178	182	193	197	102	104	155	165	191	197
DH	DH4-8	90	90	145	147	200	204	127	127	148	148	178	180	185	187	98	110	153	159	189	191
CG	CG1-1	90	106	141	141	196	202	123	139	140	146	180	202	193	197	98	100	153	159	187	189
CG	CG1-2	96	106	129	143	200	202	127	129	146	152	182	202	185	195	102	110	159	163	187	187
CG	CG1-3	94	98	135	145	200	208	129	129	146	148	178	180	191	195	112	112	151	153	187	189
CG	CG1-4	98	98	145	145	202	204	127	129	146	150	182	202	193	193	104	110	155	155	187	189
CG	CG1-5	96	98	145	145	200	204	125	127	146	150	206	206	193	197	102	110	167	167	187	187
CG	CG1-6	96	96	129	129	200	200	127	127	146	146	178	178	199	199	98	98	163	163	187	191
CG	CG1-7	98	98	145	145	202	212	131	131	144	144	178	180	197	199	98	98	159	159	189	191
CG	CG1-8	96	106	141	145	196	196	127	127	146	148	178	184	189	191	100	100	155	155	187	191
CG	CG2-1	96	106	129	147	206	208	127	131	146	146	178	182	185	197	98	102	155	159	187	189
CG	CG2-2	96	98	145	145	202	202	123	123	146	148	178	178	193	197	96	104	155	159	187	187
CG	CG2-3	90	96	141	145	202	208	123	129	140	146	180	202	195	197	100	108	153	159	187	189
CG	CG2-5	96	96	129	143	200	202	129	129	144	146	180	182	193	195	110	110	159	163	187	187
CG	CG2-7	92	98	141	143	196	200	123	125	146	152	178	198	193	197	98	110	159	165	187	191
CG	CG2-8	90	94	145	145	196	200	127	127	146	148	178	198	187	193	98	102	159	165	191	191
CG	CG3-1	94	106	129	145	196	210	127	127	148	148	180	182	191	197	102	102	155	165	187	187
CG	CG3-3	96	98	145	145	202	202	123	123	146	148	178	178	193	197	96	104	155	159	187	187
CG	CG3-5	90	96	141	141	196	202	111	127	144	148	180	202	193	195	98	102	153	155	191	191
CG	CG3-6	96	98	135	145	200	208	123	129	146	146	178	180	191	197	100	112	151	153	187	191
CG	CG3-8	100	106	145	145	196	202	123	127	144	146	178	180	193	197	96	102	161	163	187	189
CG	CG4-1	96	98	135	149	198	208	123	127	148	148	180	180	195	197	100	110	153	153	187	189
CG	CG4-2	96	106	129	147	196	206	127	131	146	150	182	198	185	197	98	102	155	159	189	189
CG	CG4-4	96	96	143	147	202	202	125	127	148	148	178	178	187	193	98	98	155	155	187	191
CG	CG4-5	96	98	143	145	202	210	127	127	146	148	178	180	185	193	102	102	153	155	187	187
CG	CG4-6	96	96	129	129	200	212	127	127	146	146	178	178	199	199	98	98	163	163	187	191
CG	CG4-8	90	96	129	129	200	200	127	127	146	146	178	178	193	199	98	102	163	163	187	191
JT	JT1-2	96	100	141	147	198	202	123	129	144	146	178	178	195	197	98	102	153	161	185	187
JT	JT1-3	96	112	147	147	204	204	125	129	144	146	200	204	195	197	98	102	153	155	185	187
JT	JT1-6	96	96	137	143	196	210	125	127	146	154	180	180	197	197	100	104	157	159	187	187
JT	JT1-8	96	96	133	141	202	204	127	129	140	146	178	200	191	197	100	110	151	159	187	191
JT	JT2-2	90	98	141	145	200	210	125	127	148	148	176	180	187	197	102	110	157	159	187	191
JT	JT2-4	96	100	141	147	202	202	123	129	146	146	178	178	189	197	98	102	153	161	187	187
JT	JT2-5	98	112	145	145	200	204	125	127	144	144	180	200	197	197	98	100	157	161	187	187
JT	JT2-6	98	112	145	147	196	204	125	127	144	144	180	200	197	197	98	100	155	157	185	187
JT	JT2-7	96	112	145	147	200	204	125	129	144	146	200	204	195	197	98	102	153	157	185	187
JT	JT2-8	96	112	145	147	204	204	125	129	144	146	200	204	195	197	98	102	153	157	185	187
JT	JT3-7	94	96	137	143	196	200	127	131	146	154	180	180	197	197	98	104	157	159	187	191
JT	JT3-8	94	96	137	143	196	210	127	131	146	154	180	180	197	197	98	104	157	159	187	191
JT	JT4-2	96	96	145	145	208	208	127	127	144	146	178	200	195	197	110	110	159	159	187	187
JT	JT4-3	98	102	133	145	196	202	127	127	146	148	180	200	193	197	98	102	151	157	187	191
JT	JT4-8	90	96	141	145	200	202	127	127	146	146	180	200	187	197	98	100	155	157	189	191
FC	FC1-1	106	106	129	145	196	200	125	125	146	146	178	178	189	195	110	110	155	155	187	191
FC	FC1-2	92	96	145	151	196	200	127	127	132	140	180	202	187	193	98	98	155	155	185	187
FC	FC1-3	96	98	145	145	196	200	123	131	146	146	178	198	193	199	98	110	155	159	187	187
FC	FC1-4	96	96	147	151	200	204	127	127	146	146	180	202	185	195	98	110	155	161	187	191
FC	FC1-5	92	98	145	151	202	208	123	123	146	146	178	184	195	199	98	98	153	153	187	189
FC	FC1-6	98	98	145	145	204	204	129	129	148	148	180	180	189	189	110	110	165	167	187	191
FC	FC1-7	96	98	141	151	196	196	127	127	146	146	178	180	187	193	98	102	155	167	187	191
FC	FC1-8	96	96	141	151	196	196	127	127	146	146	178	178	187	193	98	102	155	167	191	191
FC	FC2-1	98	98	135	145	202	204	123	123	140	146	180	180	185	199	98	98	151	151	185	187
FC	FC3-6	96	106	129	151	196	204	125	129	146	146	178	202	193	197	110	110	155	155	187	191
FC	FC3-7	90	92	145	151	200	202	123	123	140	148	178	200	197	199	98	98	153	153	187	189
FC	FC4-1	96	98	129	141	196	196	127	127	146	146	178	178	187	193	98	102	147	167	187	191
MA	MA1-1	90	90	141	145	196	200	125	127	140	152	178	180	185	199	98	102	153	161	189	189
MA	MA1-2	98	106	145	145	204	204	123	127	148	148	202	202	185	197	98	110	163	165	191	191
MA	MA1-3	96	98	141	145	200	202	123	125	146	146	184	202	185	193	104	110	147	165	187	191
MA	MA1-4	96	106	129	145	196	198	125	127	146	148	178	178	189	195	102	110	151	153	189	191
MA	MA1-5	96	96	137	145	194	196	123	127	148	150	180	180	191	191	98	104	157	159	187	187
MA	MA1-6	90	106	137	145	196	196	125	127	140	148	180	180	191	193	102	104	157	159	187	187
MA	MA1-7	96	106	141	143	204	204	123	127	140	148	178	178	191	195	100	102	151	165	187	187
MA	MA1-8	98	106	129	145	198	202	123	125	146	148	178	198	191	193	96	98	147	159	187	187
MA	MA2-1	90	96	145	147	196	202	125	127	146	148	182	202	185	199	102	108	155	165	187	191
MA	MA2-2	106	106	129	143	194	200	127	127	148	148	178	178	187	191	102	104	151	161	187	187
MA	MA2-3	96	106	145	149	196	204	125	127	146	146	178	198	185	197	110	110	155	167	187	187
MA	MA2-7	98	106	145	147	196	198	127	127	144	146	178	178	189	197	102	104	151	155	189	191
MA	MA3-6	96	106	141	145	204	204	127	127	140	148	180	182	185	185	102	110	165	167	187	197
MA	MA3-7	98	106	129	145	198	202	123	125	146	148	180	198	185	191	96	98	147	159	187	187
MA	MA4-2	92	96	137	137	194	196	123	127	140	146	178	178	185	199	104	110	155	165	191	197
MA	MA4-3	90	98	141	145	196	200	123	127	140	152	180	180	185	199	102	102	153	161	189	189
MA	MA4-4	96	106	145	145	194	196	123	127	148	150	180	180	185	191	98	104	157	159	187	187
MA	MA4-6	90	106	137	145	196	196	125	127	140	148	178	180	191	193	102	104	157	159	187	187
MA	MA4-7	96	98	143	145	196	202	123	125	140	140	178	196	193	197	100	108	159	161	187	197
MA	MA4-8	96	98	145	147	196	202	127	127	146	148	182	202	185	199	98	108	155	165	191	191
TH	TH1-6	96	96	143	143	202	204	123	125	146	150	178	178	193	197	100	110	155	163	187	191
TH	TH1	98	106	145	145	202	202	129	129	146	142	178	180	193	195	110	110	165	167	191	191
TH	TH2	96	98	145	145	200	202	123	129	144	146	178	196	193	199	104	110	153	165	187	187
TH	TH3	98	106	145	145	198	198	127	129	144	152	178	178	197	197	98	110	159	165	187	191
TH	TH4	96	106	143	145	196	202	123	129	144	146	178	178	189	197	102	110	157	159	187	189
TH	TH5	96	96	141	145	198	208	125	129	144	146	178	178	185	199	100	106	155	157	187	191
DB	DB1-2	96	106	145	147	198	200	125	127	148	148	180	184	185	195	102	106	155	159	181	181
DB	DB1-3	96	96	147	147	196	202	129	129	140	146	178	180	185	197	110	110	155	159	181	181
DB	DB1-4	96	96	145	145	196	204	125	127	140	146	178	180	185	191	100	104	159	165	181	181
DB	DB1-6	102	102	145	145	202	202	123	127	146	146	178	178	191	191	106	106	157	165	181	181
DB	DB2-1	96	106	137	147	202	202	127	129	148	150	178	178	191	191	106	110	155	159	187	191
DB	DB2-3	106	106	145	147	196	204	129	129	146	148	180	198	193	197	112	112	135	151	189	197
DB	DB2-5	106	106	145	147	202	204	129	129	146	148	180	198	193	197	112	112	151	157	189	191
DB	DB2-8	96	98	147	147	196	202	127	129	140	140	180	182	195	197	98	110	159	159	189	191
DB	DB3-1	96	96	147	147	196	206	129	129	140	146	178	180	195	197	110	110	159	159	187	191
DB	DB3-2	96	96	137	145	196	204	125	127	140	146	178	180	185	191	100	104	159	165	187	187
DB	DB3-5	96	106	145	147	200	202	127	127	148	150	178	198	191	195	100	102	151	165	187	189
DB	DB3-7	96	106	137	143	202	202	127	129	146	148	178	178	191	195	106	110	157	159	187	191
ZJ	ZJ1-1	96	106	147	147	198	198	123	123	146	146	182	182	185	185	104	106	159	159	191	197
ZJ	ZJ1-2	96	96	141	147	198	206	123	125	144	146	178	178	185	191	104	104	151	159	187	197
ZJ	ZJ1-4	98	98	141	147	202	202	123	123	146	146	178	182	185	191	106	106	151	151	187	197
ZJ	ZJ1-5	98	98	141	147	202	202	127	127	144	146	178	178	185	191	100	100	151	159	187	187
ZJ	ZJ2-1	96	98	147	147	198	206	123	123	146	146	182	182	185	185	106	106	159	159	187	187
ZJ	ZJ2-4	98	102	141	145	198	206	123	125	144	144	180	182	185	185	104	104	151	159	187	191
ZJ	ZJ3-6	96	98	147	147	198	198	123	123	144	146	182	182	185	185	106	106	159	159	187	187
ZJ	ZJ3-8	98	98	143	147	198	198	125	125	144	146	182	182	185	185	104	104	159	159	187	197
ZJ	ZJ4-1	98	98	147	147	198	198	123	127	144	144	178	178	185	185	100	106	159	159	187	197
ZJ	ZJ4-2	96	98	147	147	198	198	123	125	146	146	178	182	185	191	104	106	159	159	187	197
ZJ	ZJ4-3	98	98	147	147	202	206	123	123	146	146	178	178	185	185	106	106	151	151	187	197
ZJ	ZJ4-4	98	102	143	147	202	206	123	125	148	148	178	178	185	185	104	106	159	159	187	189
ZJ	ZJ4-5	96	106	147	147	198	202	123	123	146	146	182	182	185	185	104	106	151	159	195	197
ZJ	ZJ4-6	96	106	147	147	198	202	123	123	146	146	182	182	185	185	104	106	159	159	195	197
ZJ	ZJ4-7	106	106	145	145	196	196	125	125	148	148	178	178	189	195	110	110	155	155	189	191
ZJ	ZJ4-8	96	96	141	143	198	202	123	125	148	148	182	182	185	185	104	106	159	159	187	197
QL	QL1-1	98	98	143	143	194	196	127	131	146	146	178	178	191	193	96	100	159	169	187	191
QL	QL1-2	98	102	145	147	196	196	123	123	144	146	180	182	191	197	104	106	159	159	187	187
QL	QL1-3	90	102	129	147	196	196	123	127	140	144	178	178	185	191	106	106	159	163	189	193
QL	QL1-4	90	98	143	143	198	204	125	125	144	146	178	178	185	185	100	100	165	165	187	191
QL	QL1-5	94	98	143	143	194	204	127	129	144	146	180	182	185	191	100	110	159	165	187	191
QL	QL1-6	102	102	137	137	196	200	127	127	146	146	200	200	185	193	106	106	159	165	187	197
QL	QL2-1	102	102	143	149	196	206	125	127	148	150	178	178	193	193	98	100	165	165	187	191
QL	QL2-2	98	102	143	145	204	206	127	127	144	146	178	178	193	197	106	106	163	165	191	191
QL	QL2-5	98	102	137	143	202	204	127	127	144	146	180	182	191	197	100	106	159	165	187	187
QL	QL2-7	96	102	137	143	196	198	127	129	140	148	182	202	185	191	106	110	159	159	187	197
QL	QL3-1	98	102	143	147	196	196	127	127	144	146	180	180	185	197	106	106	165	165	191	191
QL	QL3-4	98	98	137	143	198	204	127	127	144	146	180	182	191	191	106	106	159	159	197	197
QL	QL3-6	98	98	137	143	196	204	127	127	144	148	182	200	191	193	100	102	159	165	191	197
QL	QL3-7	98	102	145	145	198	204	123	127	144	144	180	182	185	191	104	106	159	163	187	191
QL	QL3-8	94	102	143	147	194	206	127	129	144	146	178	198	191	191	110	112	151	151	191	191
QL	QL4-1	96	98	137	143	196	198	123	127	144	144	178	180	191	193	104	106	159	167	187	187
QL	QL4-2	98	102	143	145	202	202	127	127	144	144	180	182	193	193	100	106	159	165	187	189
QL	QL4-3	102	102	137	145	198	204	127	127	146	146	178	182	191	193	100	106	159	165	191	197
QL	QL4-4	90	102	143	145	204	204	123	127	146	146	178	180	185	191	102	106	165	165	187	187
QL	QL4-5	98	102	137	137	196	196	123	127	144	146	180	202	193	193	106	106	165	165	191	197
QL	QL4-6	98	102	137	137	196	196	123	127	144	146	180	202	193	193	106	106	165	165	191	197
QL	QL4-8	98	98	143	143	206	206	127	127	144	144	202	202	191	193	100	104	165	165	191	191
PT	PT1-2	98	102	145	145	202	206	123	125	144	146	178	182	185	193	106	106	155	159	187	187
PT	PT1-3	98	102	129	147	204	206	123	127	146	148	178	178	185	185	106	106	153	159	191	191
PT	PT1-5	102	102	129	145	206	212	125	131	140	144	180	182	185	191	96	102	159	159	191	197
PT	PT1-6	96	102	137	145	202	212	123	123	146	146	180	180	193	197	96	106	159	159	187	187
PT	PT1-7	96	96	141	143	198	202	125	125	144	150	178	202	185	185	106	106	159	165	187	187
PT	PT1-8	96	102	141	141	202	202	125	125	144	148	178	182	185	185	106	106	159	159	187	191
PT	PT2-2	94	102	147	147	198	206	123	123	140	144	178	182	185	191	104	104	159	163	187	189
PT	PT2-3	96	102	141	143	202	212	127	129	140	144	178	182	185	193	106	110	159	159	187	187
PT	PT2-4	96	102	137	141	206	212	127	127	144	144	178	182	193	197	106	106	159	167	187	191
PT	PT2-5	98	102	141	141	202	202	125	125	144	148	178	182	185	185	106	106	159	159	187	191
PT	PT2-8	96	102	137	145	202	212	123	123	146	146	180	180	193	197	96	106	159	159	187	191
PT	PT3-1	96	96	141	143	202	206	125	125	144	146	178	178	197	199	102	102	159	159	187	191
PT	PT3-3	102	102	129	143	196	202	123	127	144	148	178	198	197	197	104	106	151	165	187	197
PT	PT3-4	96	98	137	141	200	204	123	127	146	146	176	178	189	193	104	106	151	159	189	197
PT	PT3-5	90	102	147	147	198	206	123	129	140	148	178	182	185	193	104	110	159	163	187	197
PT	PT4-1	96	96	137	141	202	206	125	125	144	144	178	178	185	185	106	106	159	159	187	187
PT	PT4-4	96	102	137	137	206	206	125	127	146	148	182	182	185	191	106	106	159	163	187	187
PT	PT4-5	96	98	141	141	200	206	127	127	146	148	178	178	185	185	106	106	153	165	187	191
PT	PT4-8	96	102	137	141	198	202	123	123	144	148	182	202	197	197	104	106	159	159	187	187
CT	CT1-1	98	102	137	147	196	198	123	127	140	146	178	180	193	195	104	106	165	165	191	191
CT	CT1-2	96	98	143	145	206	206	127	127	140	140	180	202	191	197	106	110	159	165	187	191
CT	CT1-3	96	96	145	145	196	204	127	131	148	150	178	202	191	191	102	102	155	159	187	191
CT	CT1-4	90	96	145	145	198	202	123	127	140	146	180	182	191	193	102	106	159	165	187	187
CT	CT1-5	98	102	137	141	198	206	123	127	146	146	180	182	185	197	102	106	165	165	191	191
CT	CT1-6	90	102	143	145	196	196	123	125	144	144	178	178	185	197	98	106	151	159	191	191
CT	CT1-7	102	102	143	143	198	206	123	123	144	146	178	178	193	193	106	106	151	151	191	191
CT	CT1-8	92	100	143	149	204	204	127	131	140	142	178	178	197	197	98	104	151	165	191	191
CT	CT2-1	94	98	129	129	202	206	123	123	146	146	180	182	185	197	100	104	157	159	187	187
CT	CT2-2	98	102	143	147	198	206	123	127	144	144	180	202	193	197	106	106	159	161	191	191
CT	CT2-3	102	102	143	145	202	204	127	127	144	148	180	202	185	197	106	106	159	165	191	191
CT	CT2-4	102	102	145	147	196	198	123	127	140	146	180	202	193	193	106	106	159	165	191	191
CT	CT2-6	90	96	137	145	202	206	127	129	142	148	180	204	191	191	102	110	159	159	189	191
CT	CT2-8	98	102	141	143	198	202	127	127	144	146	178	202	191	197	102	106	163	165	191	191
CT	CT3-1	90	96	145	145	198	198	123	127	140	146	180	182	191	193	102	106	159	165	187	187
CT	CT3-2	98	98	147	147	196	204	125	127	146	146	178	182	185	197	102	102	159	163	187	189
CT	CT3-3	90	102	141	143	198	206	123	127	146	146	180	182	185	197	102	106	165	165	191	191
CT	CT3-4	98	102	143	145	196	204	123	127	144	144	178	180	185	197	98	106	151	159	191	191
CT	CT3-5	102	102	143	143	198	206	123	123	144	146	178	178	191	193	106	106	151	151	191	191
CT	CT3-6	90	102	143	143	202	202	123	127	140	146	178	202	185	191	98	106	165	165	187	191
CT	CT3-7	90	102	143	147	204	204	125	127	144	152	178	178	185	185	98	106	161	163	187	191
CT	CT4-1	98	102	137	143	196	206	127	127	144	148	178	200	191	193	102	106	161	163	187	191
CT	CT4-5	94	98	129	143	202	206	123	123	144	146	178	180	185	197	100	104	157	159	187	187
CT	CT4-7	98	98	143	145	198	202	125	127	146	148	180	180	193	197	104	104	165	167	191	197
CT	CT4-8	98	102	143	145	202	204	123	127	146	148	180	180	193	199	104	106	159	167	191	191
QS	QS1-1	90	98	147	147	198	204	127	127	144	146	180	180	197	197	102	106	159	165	187	205
QS	QS1-2	90	96	143	143	198	204	125	125	144	146	178	178	185	185	100	100	165	165	187	191
QS	QS1-3	94	96	143	145	202	202	127	127	144	146	180	180	197	197	106	106	165	165	191	191
QS	QS1-4	102	102	143	149	202	202	123	125	146	146	182	204	191	191	106	106	165	165	197	197
QS	QS1-5	98	102	143	147	196	196	123	127	148	152	178	180	185	191	102	104	159	159	187	191
QS	QS1-6	96	98	143	147	200	200	123	127	148	152	178	180	185	191	102	104	159	159	187	191
QS	QS1-7	90	96	141	143	204	210	125	127	144	144	178	178	185	193	100	102	165	165	187	191
QS	QS1-8	90	96	141	143	198	204	123	127	140	146	180	182	197	197	102	106	151	165	187	191
QS	QS2-3	90	96	143	147	198	202	125	127	144	146	180	182	185	193	98	102	151	159	187	197
QS	QS2-4	90	102	143	147	202	210	123	127	148	148	182	202	191	191	100	104	151	165	187	197
QS	QS2-5	102	106	143	147	196	202	125	127	140	146	182	202	185	197	106	110	159	159	187	191
QS	QS2-6	98	98	143	143	200	200	123	125	146	146	182	204	191	191	106	106	165	165	197	197
QS	QS2-7	96	98	143	147	200	200	123	125	146	146	182	204	191	197	106	106	165	165	197	197
QS	QS2-8	96	98	143	147	200	204	127	127	146	146	180	204	191	197	102	102	155	165	191	197
QS	QS3-2	98	98	143	143	196	198	123	123	146	148	178	178	185	193	102	106	165	165	187	191
QS	QS3-3	98	98	143	143	196	198	123	123	144	148	178	178	185	185	102	106	165	165	187	191
QS	QS3-4	98	98	143	143	196	198	123	123	144	148	178	178	185	193	102	106	165	165	187	191
QS	QS3-6	96	96	143	147	200	204	127	127	146	146	180	204	191	197	102	102	155	165	191	197
QS	QS3-7	96	96	147	147	200	204	125	127	146	146	180	204	191	197	102	106	155	165	191	197
QS	QS4-3	90	96	143	143	198	204	125	125	144	146	178	178	185	191	100	100	165	165	187	191
QS	QS4-6	90	98	147	147	198	204	127	127	144	146	178	180	197	197	102	106	159	165	187	187
SS	SS1-3	98	102	143	143	208	208	127	127	144	144	178	198	193	193	102	106	155	155	187	187
SS	SS1-6	102	102	143	143	200	200	123	127	144	144	176	178	197	197	104	110	157	157	191	191
SS	SS1-7	98	102	143	143	202	208	127	127	140	144	178	198	193	197	102	106	155	155	187	191
SS	SS1-8	98	98	143	143	204	204	127	127	144	144	178	200	193	197	106	106	155	155	187	187
SS	SS2-1	96	110	129	143	202	208	123	125	140	144	176	178	193	197	98	104	165	165	187	187
SS	SS2-2	92	102	143	145	196	196	127	127	140	140	178	200	193	197	106	106	157	157	187	187
SS	SS2-4	96	98	143	143	204	208	127	127	144	152	200	200	193	197	102	106	155	155	187	187
SS	SS2-5	98	102	143	143	204	208	127	127	144	144	200	200	193	197	102	106	155	165	187	187
SS	SS2-6	98	98	143	143	208	208	127	127	144	144	178	198	193	193	106	106	155	155	187	187
SS	SS2-8	98	102	143	143	204	204	127	127	144	152	198	200	193	197	102	106	155	155	187	187
SS	SS3-1	96	102	129	143	196	208	123	127	144	148	178	200	193	199	104	106	155	159	187	191
SS	SS3-5	98	98	143	143	204	208	127	127	144	144	178	200	193	197	106	106	155	155	187	187
SS	SS3-6	96	98	143	145	202	202	123	127	152	152	180	180	197	197	104	104	159	159	197	197
SS	SS3-8	92	98	129	129	202	204	125	127	144	144	180	182	193	197	98	106	165	165	191	191
SS	SS4-1	98	102	129	143	196	200	127	127	144	144	180	182	197	199	106	110	151	157	187	191
SS	SS4-4	96	96	129	143	200	206	123	123	140	144	176	180	185	197	104	104	157	159	187	191
SS	SS4-5	96	102	129	129	200	208	123	127	144	150	176	180	185	193	104	106	157	165	191	191
SS	SS4-7	102	108	133	139	200	206	125	127	140	146	178	178	191	193	98	106	165	165	187	187
																					
																					
																					
																					
																					
																					
																					
																					
																					
																					
																					
																					
																					
																					
																					
																					
																					
																					
																					
																					
																					
																					
																					
																					
																					
																					
																					
																					
																					
																					
																					
																					
																					
																					
																					
																					
																					
																					
																					
																					
																					
																					
																					
																					
																					
																					
																					
																					
																					
																					
																					
																					
																					
																					
																					
																					
																					
																					
																					
																					
																					
																					
																					
																					
																					
																					
																					
																					
																					
																					
																					
																					
																					
																					
																					
																					
																					
																					
																					
																					
																					
																					
																					
																					
																					
																					
																					
																					
																					
																					
																					
																					
																					
																					
																					
																					
																					
																					
																					
																					
																					
																					
																					
																					
																					
																					
																					
																					
																					
																					
																					
																					
																					
																					
																					
																					
																					
																					
																					
																					
																					
																					
																					
																					
																					
																					
																					
																					
																					
																					
																					
																					
																					
																					
																					
																					
																					
																					
																					
																					
																					
																					
																					
																					
																					
																					
																					
																					
																					
																					
																					
																					
																					
																					
																					
																					
																					
																					
																					
																					
																					
																					
																					
																					
																					
																					
																					
																					
																					
																					
																					
																					
																					
																					
																					
																					
																					
																					