Microsatellite genotypes from Liu (2016) - Weibesia sp.
558	27	10	2	3
JH
TM
XJ
SH
XS
TT
BF
LH
MS
DX
DM
PC
AS
XX
DH
CG
JT
FC
MA
TH
DB
ZJ
QL
PT
CT
QS
SS
Population	Individual	WP447	WP294	WP076	WP403	WP554	WP399	WP231	WP522	WP439	WP004
1	JH1-1	102102	141143	196204	123123	144152	178178	193193	098098	149157	189189
1	JH1-2	086100	143145	196206	123125	152152	198200	191193	104104	163165	189189
1	JH1-3	100100	141141	204204	123125	144152	178196	193197	098102	143147	189189
1	JH1-4	100100	161161	200204	123123	144152	198200	193193	100100	143157	189189
1	JH1-5	094098	139143	198202	121125	152156	198198	193193	102104	145161	185187
1	JH1-6	086098	139141	204204	125125	144156	198200	189193	104106	145159	189189
1	JH1-7	086098	143145	198202	125125	144156	178200	191193	080106	133155	187189
1	JH1-8	086096	143145	204204	125125	144152	178194	191193	102106	133151	189189
1	JH2-1	096098	143149	196204	123125	152158	178200	189195	104118	157157	187187
1	JH2-2	086102	143147	196204	123125	144150	178178	187187	098104	143147	189189
1	JH2-3	094098	147147	202204	123125	152152	198200	193197	104104	159159	187189
1	JH2-4	086094	141143	198198	125125	152156	178194	193193	102104	145159	185187
1	JH2-5	086098	139145	202202	125125	152156	178200	191193	096102	133161	189189
1	JH2-6	086098	143145	198204	125125	156156	178178	191193	102104	127133	187187
1	JH2-7	086086	143147	200204	125125	144156	178178	193193	104104	145151	187189
1	JH2-8	094094	143143	198200	123125	156156	194206	191193	080114	157173	189189
1	JH3-1	094098	139143	198202	123123	156158	178194	193193	114114	157161	189189
1	JH3-2	094100	143145	204204	125125	144156	178194	193203	098098	145161	189189
1	JH3-3	086086	139141	204204	123125	144154	178198	189193	098106	127159	187189
1	JH3-4	094098	139143	198204	123125	156160	178198	193193	106114	145161	189189
1	JH3-5	086086	143147	204204	125125	156156	194200	193193	104104	145147	189189
1	JH3-6	086098	139143	202202	125125	152156	178200	189193	104106	151155	187189
1	JH3-8	096098	141145	202204	123125	140140	202202	193193	096098	145145	187187
1	JH4-1	086098	141141	204204	125125	144144	198200	189193	106106	159161	189189
1	JH4-2	094098	139143	198202	121125	152156	198198	193193	102104	145161	185187
1	JH4-3	086098	141141	192204	125125	152152	200200	195195	104104	163163	189189
1	JH4-4	096098	147147	204204	123123	152152	178200	187189	098114	143143	189189
1	JH4-5	096098	143149	196200	123125	152158	178196	193195	100104	157157	187189
1	JH4-7	086098	141147	204204	123125	152152	178178	187193	104104	157157	187189
2	TM1-1	098098	139145	202202	123129	148148	200200	187193	102102	145147	189189
2	TM1-2	098106	139139	202204	121129	148148	196204	189195	102108	145145	187187
2	TM1-3	098098	143143	198200	123125	144148	200204	191195	096104	145147	187189
2	TM1-4	098098	141143	202204	121123	154156	196198	189191	104108	147147	183187
2	TM1-5	098098	139141	200200	125125	138138	202204	189191	108108	145163	187189
2	TM1-6	098098	139145	200204	125127	150156	200204	187191	096106	145147	187189
2	TM1-7	092096	141145	202204	121123	144144	202204	189191	104108	145147	187187
2	TM1-8	098098	139145	200204	125125	148156	204204	193195	096098	147159	183189
2	TM2-1	086098	139141	200204	121125	140140	200202	187195	096108	147163	187189
2	TM2-2	098106	139149	198200	123125	150156	196196	191193	096104	157163	187187
2	TM2-3	098106	139149	198200	125129	138138	202204	193195	096104	155157	187187
2	TM2-4	106106	139139	202204	129129	138148	196202	187195	102102	145145	187187
2	TM2-5	098106	139145	198202	123129	144144	200204	191193	102104	157163	187187
2	TM2-6	096098	141143	200202	121125	144144	204204	189195	106108	151161	187187
2	TM2-7	086098	143143	198202	123125	144144	198202	189191	104106	147159	183187
2	TM2-8	096098	141143	200200	117117	138138	178204	191191	098104	147157	183187
2	TM3-1	098098	145145	200202	121125	150150	202204	191193	096108	145145	187189
2	TM3-2	098098	141143	200200	123125	138138	200202	193195	104104	147161	187187
2	TM3-3	086096	143143	200200	125125	138146	178178	191195	104104	145163	187189
2	TM3-4	086100	139143	202202	123125	140148	200204	195195	100104	147157	187187
2	TM3-5	086098	139145	200204	123127	140144	202202	189191	096106	147163	187187
2	TM3-6	086092	141149	202204	121125	144148	196204	191195	108114	145145	183189
2	TM3-8	096098	141145	202202	125125	144148	178204	187191	104108	151159	187187
2	TM4-1	098098	145145	202204	121129	148154	198204	189195	104108	159161	187189
2	TM4-2	098098	141141	200202	127127	144150	176178	193195	106106	147157	187187
2	TM4-3	098098	139149	202204	123125	148156	178204	189193	104104	157163	183189
2	TM4-5	096106	139139	200200	125129	146148	204204	189189	108108	145163	187187
2	TM4-6	086096	141143	200202	125129	138138	178198	187187	102106	145161	187187
2	TM4-7	098098	143143	200202	125125	138148	178200	189191	096104	155157	187187
3	XJ1-1	098102	145145	202202	127127	142144	178178	191191	102106	153159	189189
3	XJ1-2	094098	145145	202202	119131	144144	178198	195195	094104	153153	189189
3	XJ1-3	094102	127127	202204	125127	144150	178178	193197	102106	131153	191191
3	XJ1-4	094098	143143	202202	127131	150150	178180	197197	094102	153155	187187
3	XJ1-5	098102	145149	196206	125125	150150	178196	189189	106108	153153	187187
3	XJ1-6	104104	145149	190202	127131	148148	180196	191193	094096	163163	185187
3	XJ1-7	094102	147147	196196	125127	150150	178198	197197	096106	153153	187189
3	XJ1-8	102102	145147	196196	127127	150150	178178	197197	096096	153163	189191
3	XJ2-1	086102	145145	202208	127129	140144	178196	197197	096100	153165	187187
3	XJ2-2	094102	143145	196202	127127	148154	178178	195195	102102	153153	187187
3	XJ2-3	102102	143145	202204	123125	142146	178178	193193	106108	155161	187191
3	XJ2-4	098102	145145	202202	127129	140144	178178	195197	094102	131153	187191
3	XJ2-5	094102	145147	202202	125127	140144	178178	193195	102106	147155	189191
3	XJ2-6	094102	145149	202202	125125	142142	178178	195197	102104	155159	189191
3	XJ2-7	094098	145149	196202	119125	142142	198198	195197	104106	153155	189189
3	XJ2-8	098102	145145	196196	125131	142150	178196	189189	094108	157157	189189
3	XJ3-1	102102	145149	202202	125127	142146	178198	193195	098106	153163	187189
3	XJ3-2	094102	143143	202202	125127	142146	178200	193193	098106	155155	189189
3	XJ3-3	096096	145149	190202	125129	138150	196196	193193	100106	157161	191191
3	XJ3-4	102102	143153	202202	127127	142142	178200	195195	096098	163163	187189
3	XJ3-5	094094	127145	204204	125125	142150	178178	193193	106106	131153	189191
3	XJ3-6	094102	143145	202204	125131	148150	178180	193193	094106	153161	187189
3	XJ3-7	090098	147147	196198	125127	146150	198200	189195	100106	155161	187191
3	XJ3-8	098098	143147	196204	125127	150150	178178	193193	106106	155163	187191
3	XJ4-1	094094	143143	194200	131131	150150	178178	193193	094094	153167	187189
3	XJ4-2	098098	143143	194202	127127	150150	178178	193197	102102	155167	187187
3	XJ4-3	096104	149149	196200	125131	148148	202202	187191	094096	163163	189191
3	XJ4-4	094096	149149	202202	127127	144150	198202	197197	100108	153157	187189
3	XJ4-5	096100	143145	202208	125131	138148	196204	189193	094106	149155	185191
3	XJ4-6	102104	145149	198202	125131	142150	178204	189197	094106	153157	185189
3	XJ4-8	094102	143147	196196	125125	152152	198198	199199	106106	153153	187187
4	SH1-1	100100	139147	202206	123125	140144	176196	193193	102108	153165	187187
4	SH1-2	098100	141145	204206	123127	146150	176204	191193	102104	155157	187187
4	SH1-4	096098	135145	202204	125127	144144	178204	191197	102104	159165	187189
4	SH1-5	098100	135137	202206	125127	154154	178200	193197	110114	149155	187187
4	SH1-7	100108	143149	202204	125127	148154	178194	191193	104108	161165	187191
4	SH2-2	100104	143145	202206	125127	142146	178178	193193	098104	153157	187187
4	SH2-5	104108	135141	200202	123125	146156	198200	191193	096108	157163	187189
4	SH2-6	108108	141141	200204	125125	142150	194204	191195	108108	149153	187187
4	SH2-7	098100	143143	202204	125127	144156	194204	195201	104104	131147	187187
4	SH3-1	098100	135145	200206	121127	144154	178196	191195	102104	155165	187187
4	SH3-2	096104	145147	200204	127127	144144	178204	191195	104104	157157	187187
4	SH3-3	100108	141151	200202	125127	136150	178178	191195	104108	157161	187189
4	SH3-4	100106	137149	200200	125125	146160	178204	191193	104108	133161	187187
4	SH3-5	098100	135147	200206	121127	154156	178178	193195	102104	143165	187189
4	SH3-6	094106	143143	198206	123125	140144	178204	195195	096098	165165	187189
4	SH3-7	100100	141145	206206	123125	154154	200202	193195	098104	165167	187187
4	SH3-8	098098	143147	202206	125125	146156	184198	195195	108108	157157	187187
4	SH4-1	098104	137143	200206	125125	144154	178200	191191	098108	151157	187189
4	SH4-2	086098	147149	202206	125125	156156	194204	193195	108108	147157	187187
4	SH4-3	096098	141141	204206	123127	144146	178200	195197	104108	153163	189189
4	SH4-4	108108	141149	202206	123125	140156	178204	193195	096108	147165	189193
4	SH4-5	096100	143145	200202	125125	148156	202204	193193	102108	153165	189189
4	SH4-6	102108	139145	200204	125127	146146	178178	191193	102104	155157	189193
4	SH4-7	098108	143149	200200	123125	144162	178196	189191	104108	153165	189189
5	XS1-1	098100	137145	196212	125131	144144	178196	195195	098112	157167	187189
5	XS1-2	098098	143157	196200	123123	144144	178178	193193	096108	159161	187189
5	XS1-3	094098	145149	202202	123125	148150	178200	191197	096108	155161	187187
5	XS1-4	098106	143145	196202	125125	142144	178198	195197	098104	159165	187187
5	XS1-5	096098	137145	200202	125127	148150	200200	193197	102102	155155	185187
5	XS1-6	096106	137145	196198	131131	146150	178178	199199	096096	157159	187191
5	XS1-7	096100	135141	196200	125131	142148	178200	191195	096112	151157	185187
5	XS1-8	096106	139151	202202	125131	142148	178204	195199	098102	153153	187189
5	XS2-1	098100	139143	200202	125125	144150	176194	195197	098098	151161	187187
5	XS2-2	098100	145147	196200	125129	144146	178178	195195	098098	157159	191191
5	XS2-3	098102	137137	196202	127131	144144	176204	197197	096096	157173	187187
5	XS2-4	090094	139151	200202	125125	140144	180200	197201	098116	147157	187191
5	XS2-5	094096	145145	200204	127127	142148	184196	185199	100102	155155	187189
5	XS2-8	094096	139145	202202	125125	148150	178200	193197	096102	161165	187193
5	XS3-1	096102	145145	202202	125129	148148	176200	197201	102102	153159	187193
5	XS3-2	098100	137143	196200	125129	144148	198200	189195	098098	153155	187187
5	XS3-3	100112	139147	196202	125127	142150	178180	195201	098110	151165	187187
5	XS3-4	090106	145151	196200	125125	142144	192192	195201	098098	151155	187191
5	XS3-5	098104	143145	198202	125125	144150	176200	187195	098098	147155	187191
5	XS3-7	090100	145147	196202	121129	148150	198200	187187	098104	151161	187187
5	XS3-8	096100	137141	200202	125129	148154	198202	191197	096096	157157	189191
5	XS4-1	090100	151151	196200	127131	148150	180204	191195	102112	151173	187191
5	XS4-2	094098	145157	202204	125131	136150	178178	197197	096100	155157	191191
5	XS4-3	090106	139151	196196	125125	150150	178204	193199	102108	153153	187189
5	XS4-4	098100	135143	202202	125125	144150	176198	201201	098116	151157	187187
5	XS4-5	098102	135147	202202	125125	144144	176178	195201	098116	151157	187187
5	XS4-6	094094	143147	202202	127127	150150	176204	193193	098098	155157	187191
5	XS4-7	094096	143145	196202	125125	148148	176206	189201	096098	157157	187191
5	XS4-8	094096	147149	196196	125131	140146	178204	193195	098098	155157	187187
6	TT1-1	094110	137137	202208	127129	144148	178202	193199	098102	153153	187187
6	TT1-2	094096	147149	194194	127129	144144	178178	195197	102102	155161	187191
6	TT1-3	098098	137145	202202	129129	144144	178202	197197	096100	151159	187189
6	TT1-4	098098	143143	204204	129129	144148	176178	187187	098098	151151	193193
6	TT1-5	096096	133137	200204	127127	142144	180184	195199	096112	153159	185185
6	TT1-6	098098	133145	200204	127127	142150	178184	191197	096096	155155	185189
6	TT1-7	102106	137145	196200	123127	144146	198200	195197	098104	157157	189189
6	TT1-8	090096	137145	202208	127127	144146	178202	197199	104110	151153	189189
6	TT2-1	094110	137137	202208	127127	144148	178202	197199	098102	153153	189189
6	TT2-2	096100	137139	200202	127127	144146	176176	195195	098098	153157	191191
6	TT2-3	098104	137145	202204	123127	144148	180200	195197	098110	153153	189191
6	TT2-4	104104	141145	200200	129129	142144	176178	195199	098098	147153	187187
6	TT2-5	100110	137137	202202	127129	150150	180180	195197	098102	151153	187187
6	TT2-6	094094	137145	202202	127127	144144	182200	195197	098098	151151	187187
6	TT2-7	094096	141145	202204	127127	142146	178180	193197	096098	153159	187191
6	TT2-8	094096	137157	198202	127129	144148	178178	191191	102112	135153	187191
6	TT3-1	096096	137151	200202	125127	142144	180184	187195	112112	153159	185187
6	TT3-3	096098	143145	202212	123129	132150	176202	189197	102110	155159	187189
6	TT3-4	096098	139145	196202	129131	146156	180182	197201	102112	151159	187191
6	TT3-5	096106	145147	196196	127127	148148	180200	197199	102104	151157	189191
6	TT3-6	096096	147147	202202	125125	146146	202202	189189	104104	155155	187187
6	TT3-7	096096	145147	200202	125127	142144	176202	195197	102104	159161	187187
6	TT3-8	096098	143143	204204	129131	144148	176176	187193	098108	151151	187191
6	TT4-1	096096	137149	202204	127127	144144	178178	191199	102104	153159	187191
6	TT4-2	094096	137147	200212	127129	132152	178198	193195	098102	157159	189191
6	TT4-3	096100	145145	196204	125127	146148	178204	191201	102102	149159	185191
6	TT4-4	098102	137139	204210	123123	144146	196196	191191	100102	159159	191191
6	TT4-5	096096	135145	200202	123123	148148	180202	195195	110110	149151	187187
6	TT4-6	100108	145145	196210	125127	146146	180204	187191	098102	149159	187191
6	TT4-8	096096	139149	194210	127129	144144	178178	195197	102102	161161	187191
7	BF1-1	096096	141141	202202	125125	142148	178192	193197	104104	153161	187187
7	BF1-2	098100	137145	196210	127127	132146	178180	191197	100102	153157	187193
7	BF1-3	096100	139139	196208	123125	152152	178178	185199	096096	157159	187187
7	BF1-4	094096	145147	200202	127129	146148	180182	189191	102104	151165	187197
7	BF1-5	096106	145147	200200	127127	146148	184192	189189	102102	159159	187187
7	BF1-6	096104	135139	200204	125125	144148	176178	197199	098098	159163	185187
7	BF2-1	096098	137147	202202	127127	144148	178178	185191	102102	159167	187189
7	BF2-2	096098	147157	202202	125127	152152	178200	187193	100102	163163	187187
7	BF2-3	096098	135149	202202	123125	144148	178180	197199	100100	151159	187187
7	BF2-4	104104	143147	196196	125125	142142	178202	195197	102102	157157	187187
7	BF2-5	096106	135139	200202	123129	146148	198198	191195	096098	151159	191197
7	BF2-6	096104	139145	196202	131131	148148	178180	189195	098102	153161	187187
7	BF2-7	096096	135147	200200	125131	142148	176200	185197	098098	155163	187187
7	BF2-8	096098	135147	200200	127131	144144	176200	185197	098110	155163	187187
7	BF3-1	096098	135137	200200	125127	144148	176178	195195	098110	163163	187187
7	BF3-2	096096	145147	200204	127129	142144	178206	195197	102102	159159	187191
7	BF3-3	096096	145147	200204	127129	142146	178206	195197	102110	155159	187191
7	BF3-6	096106	145151	200200	123127	142148	178178	187187	102106	155159	187191
7	BF3-7	096096	145151	200200	125127	142148	178178	187187	104106	159159	191191
7	BF3-8	102102	135145	204204	123123	144144	180180	195195	098098	157159	187191
7	BF4-1	090090	145145	204204	125125	144144	178180	191191	102102	159159	187197
7	BF4-3	094096	145145	200202	125127	144146	178178	197199	102118	157157	187187
7	BF4-4	094096	145149	200202	125127	144146	178178	195197	102118	157157	187187
7	BF4-5	090106	145149	200200	123129	146154	180180	185199	100102	147159	189191
7	BF4-7	098100	137145	196202	127127	146146	178180	189191	100102	153157	187193
7	BF4-8	096096	141141	202208	125125	142148	178192	197197	100100	153161	187187
8	LH2-5	096104	145147	200204	123129	144150	178208	195195	098110	153163	187187
8	LH2-7	096096	149149	204206	127127	142146	176206	187199	102102	161161	187187
8	LH3-1	094100	137147	200200	127127	132154	178198	185199	104104	157163	187191
8	LH3-2	094098	133139	194202	123127	142144	198206	191199	102110	153155	187187
8	LH3-3	096098	133145	200200	123125	148148	178180	199199	102110	153153	187187
8	LH3-4	096096	137145	200204	125127	144148	198198	189191	096100	161161	187191
8	LH3-5	096106	145147	196202	123125	142148	200206	187191	100104	157161	189191
8	LH3-6	100100	143147	200200	127127	132154	178180	185199	104104	153163	191191
8	LH3-8	094096	141143	198204	125127	146154	178198	191199	100102	153163	187189
8	LH4-1	096100	137147	200202	127127	148154	178178	195199	102104	163165	187191
8	LH4-2	096096	141149	196204	127131	142146	178178	195199	096102	159161	187187
8	LH4-3	096106	137145	200202	127129	144144	178198	185195	102110	157161	189191
8	LH4-4	096096	145147	200206	125125	148148	180198	191193	098104	159159	187187
8	LH4-5	096098	145147	200202	127129	142150	178178	189191	098102	157173	187187
8	LH4-6	096096	143147	200204	127129	144150	178208	195195	100110	153163	187187
9	MS1-1	096102	137141	200202	123127	146146	178200	185197	100110	153157	187191
9	MS1-2	100106	145147	202202	127127	148152	178180	195195	100102	159161	187189
9	MS1-3	096106	149149	196202	127127	132152	178200	195195	100100	161161	193197
9	MS1-4	096100	147147	202202	125129	144146	178196	195195	098098	159159	187187
9	MS1-7	100106	147147	202202	129129	144144	178178	195195	098110	159159	187187
9	MS2-1	106106	139157	200202	127127	142144	180180	195195	102102	161161	187187
9	MS3-1	096100	135147	202202	125129	144144	180180	195195	098098	159159	187187
9	MS4-2	106106	147153	202202	127131	144152	178178	187193	098102	153159	187191
9	MS4-4	112112	135143	210212	127127	152152	196196	199199	102102	157163	187187
10	DX1-1	106106	145147	200206	123131	146154	180204	195197	106108	161161	189193
10	DX1-2	096100	145145	196202	123127	144146	178178	193197	098102	157157	189193
10	DX1-3	096114	137149	202208	123127	146146	176180	197197	098110	159159	191193
10	DX1-4	096098	141149	196196	127129	144148	178200	187195	098102	155163	189193
10	DX1-5	096102	143145	196208	123125	144144	178178	185191	098100	155159	189193
10	DX1-7	102102	141149	200202	127127	144146	178200	189197	098098	153157	189193
10	DX1-8	096102	141145	200202	123127	146148	180196	189191	102102	155159	193193
10	DX2-2	096102	145149	196202	127127	144146	178180	197197	098098	153159	189193
10	DX2-4	096100	145145	202210	123127	144146	178178	197197	098102	157159	189193
10	DX2-5	096102	141143	200202	129129	144144	178196	187189	102102	151151	189199
10	DX2-8	096106	149149	196200	125131	144152	178178	193195	096104	155159	189191
10	DX3-1	096102	141145	202208	123127	148148	180196	189191	102102	155159	193193
10	DX3-4	096114	137149	202208	123127	146152	180180	197197	098110	151159	191193
10	DX3-5	096114	137149	202208	123127	146152	180180	197197	098110	159159	189191
10	DX3-7	096096	147151	196196	129129	144152	178178	195195	102102	153159	189189
10	DX3-8	096106	143151	196196	127129	152152	178178	195195	098102	153153	189189
10	DX4-2	098106	145147	200210	127131	148154	178178	195199	098112	159159	189189
10	DX4-3	096102	143145	196196	123125	144148	178178	185191	098100	155159	189193
10	DX4-4	096096	145145	206210	127127	144154	178198	193197	102102	157159	189189
11	DM1-1	104106	145145	196202	123127	140146	178178	193193	098100	155159	187191
11	DM1-2	094096	129147	194208	123127	146146	178178	191195	098098	155165	189191
11	DM1-3	096096	147147	196196	129129	140148	178180	185189	110110	159159	191191
11	DM1-8	096106	145145	200200	123123	146148	184202	193197	100100	153155	191191
11	DM2-1	098104	145145	196200	125127	140146	178178	193193	098098	155155	189191
11	DM2-2	098104	145145	196202	125127	140148	178178	187193	098098	155159	189191
11	DM2-3	096098	135145	194208	125129	146152	178202	193197	110110	149155	187187
11	DM2-4	096096	135145	194208	125129	146150	178202	197197	098108	149155	187187
11	DM2-5	106106	129145	200200	123127	144144	200200	193193	098102	143165	189189
11	DM2-6	100106	129129	200200	123129	144144	200200	193193	098110	151165	189189
11	DM2-7	096096	147147	196196	129129	140148	178178	185197	110110	157159	189191
11	DM2-8	096096	147147	196196	129129	140148	178178	185197	110110	159159	191191
11	DM3-7	096106	145145	200200	123123	144148	184202	193197	100100	155155	187191
11	DM3-8	096106	145145	200200	123123	144148	184202	193193	100100	153155	187191
11	DM4-2	106106	143147	196196	127127	146146	194194	201201	102102	165165	187191
11	DM4-3	106106	147147	196202	127127	146146	178202	193193	102102	165165	187187
11	DM4-6	096100	145145	200200	123129	144146	182200	191197	100102	155165	187189
11	DM4-7	096100	145145	200200	129129	144148	178200	191197	102110	155165	187189
11	DM4-8	096100	145145	200200	123129	144148	182200	191197	100102	155165	187189
12	PC1-1	096102	137141	194196	123129	142146	178180	193195	102110	157165	187187
12	PC1-2	096098	145145	202202	127129	140150	182200	185187	102104	165167	187189
12	PC1-3	096096	145145	200202	127129	146148	178184	193197	102112	155161	187187
12	PC1-5	096096	129147	194208	125127	144144	178178	193197	110112	155157	187197
12	PC1-7	096098	141145	200204	125129	146146	178180	191199	104110	155163	187187
12	PC1-8	096096	137145	202210	129129	140146	178180	189201	110110	155155	185187
12	PC2-1	098098	141145	194194	127127	146148	200200	185197	104104	155161	187187
12	PC2-2	096096	141145	196200	127129	140152	184202	197197	100110	155155	191191
12	PC2-3	096096	137145	200208	123129	146150	178178	197197	098110	151155	187191
12	PC2-5	090098	145149	196200	123129	140146	180182	191193	098098	151155	187187
12	PC2-6	096096	129147	194208	125129	144150	178178	193197	110110	155157	191197
12	PC2-7	090106	137147	196210	123127	146150	178180	197197	098102	157157	187191
12	PC3-1	096096	129145	196204	127129	146148	178178	195197	102110	165165	187187
12	PC3-2	096096	129141	200208	125129	146146	180202	189197	110110	155165	187191
12	PC3-3	090096	145147	194202	123129	146148	178180	197197	110110	155167	187187
12	PC3-4	092098	141145	196204	123127	144146	178196	189195	098102	155167	187187
12	PC3-5	096106	141145	204208	127127	144148	178180	195195	098102	155167	187187
12	PC3-6	096106	129141	200210	127127	146146	178178	193199	110110	155161	187187
12	PC3-7	096096	141145	200200	123131	146146	178202	185189	096100	155159	187191
12	PC4-1	096096	145145	202202	127129	146148	178178	193193	104110	155159	187191
12	PC4-2	100100	143143	202202	127129	148148	184184	187193	102102	165165	187187
12	PC4-4	096098	145147	202202	123129	140146	178200	193197	100100	155155	187197
12	PC4-5	090100	143145	204210	125127	146148	180184	185191	102110	155155	185187
12	PC4-6	098098	149149	204204	129129	146146	178178	185185	100100	155155	187187
12	PC4-8	098098	149149	204204	129129	146146	178178	185185	100100	155155	187187
13	AS1-1	096096	129145	200202	127129	144148	178180	197199	106108	155165	187197
13	AS1-3	090096	129137	200200	121127	140148	178178	193197	098104	161165	189197
13	AS1-4	096098	129129	194202	127129	146148	178178	197199	100108	165165	189191
13	AS1-6	096102	143145	202208	123125	152152	178196	189197	098106	161165	197197
13	AS1-7	096096	143143	196200	123125	144146	178180	191193	098100	161161	189191
13	AS1-8	096096	143143	196200	123125	144152	178180	191193	098100	161161	189191
14	XX1-1	096098	141145	200202	127127	140144	180196	191193	102102	155155	187187
14	XX1-3	096096	145147	200202	129129	146146	196196	193195	102110	151159	187187
14	XX1-4	096096	135145	200202	123125	146146	178178	187197	098100	155155	187189
14	XX1-5	090096	141145	194202	125129	146148	178198	193197	110110	151159	187187
14	XX1-6	098106	147147	198210	127127	148148	184184	195195	100106	155167	187187
14	XX1-7	090090	141141	196196	123123	146154	178178	193197	100100	155155	187189
14	XX1-8	090096	145145	200202	129129	144148	178180	187187	102112	151165	187187
14	XX2-1	096096	141147	194200	123127	146146	180184	193195	100110	155161	189191
14	XX2-2	090096	129141	202202	129129	146146	178178	193193	110112	151159	187189
14	XX2-4	096096	145145	202208	125129	146146	178184	193195	098110	155155	187187
14	XX2-5	096096	141147	194200	123123	146146	178184	193195	100100	155161	191191
14	XX2-6	096104	141145	202208	123129	146146	184196	189197	100112	155155	187191
14	XX2-7	096096	141147	200202	127127	144146	178200	185197	104110	153153	187189
14	XX2-8	096096	143145	196208	127129	140146	180196	193195	100112	155155	187189
14	XX3-1	096100	141145	200202	127129	146148	198202	185191	102110	155157	187197
14	XX3-2	096100	137145	200202	127129	146148	178198	191191	102110	155165	187191
14	XX3-3	090090	141147	196196	125127	146148	180184	197197	098102	159161	187189
14	XX3-4	090100	141141	202208	125127	144148	178178	193199	098102	147165	187187
14	XX3-5	090096	141145	202208	129129	144146	178180	187193	102112	151157	187187
14	XX3-7	098098	141141	196208	127127	144144	182198	197199	102102	157159	187187
14	XX4-1	096098	145145	196208	125129	146146	178196	187197	110112	151153	187187
14	XX4-2	096098	145145	196208	125129	146146	178196	185197	110112	151155	187187
14	XX4-3	096106	145147	196204	127129	146148	180198	193197	102112	151157	189191
14	XX4-4	098106	147147	198200	125127	148148	180184	195195	102106	155167	187187
14	XX4-6	096098	145147	202210	123123	146146	184196	185195	100102	151155	187191
14	XX4-7	090098	141145	196196	123127	146154	178178	193197	100102	155155	187189
14	XX4-8	098098	141145	204204	127127	146148	178184	197197	102102	155165	187187
15	DH1-1	090098	141147	200202	127127	132150	178198	185191	102110	159167	189191
15	DH1-2	096106	145147	196198	123127	140148	182182	193197	102110	151155	187191
15	DH1-3	090106	129129	196204	127127	138138	178180	197199	098110	151167	189189
15	DH1-4	090098	129145	196202	127127	142144	178178	185197	102102	151153	187187
15	DH1-5	090092	145145	200202	127129	132148	178178	193197	100102	155155	187187
15	DH1-6	090094	129145	200202	123123	140144	180198	193193	110110	153155	187191
15	DH1-7	096098	145145	200200	123127	148148	178178	191193	102104	155155	187189
15	DH1-8	096106	137143	196196	127127	146148	178196	191193	102110	155161	187191
15	DH2-1	098102	143145	194200	127127	146146	180202	185197	100102	165165	187187
15	DH2-3	098106	145145	198202	123125	132148	178202	193193	106112	155165	187191
15	DH2-5	096098	129129	196200	123123	148152	178180	185193	098100	159161	187191
15	DH2-6	096096	129147	200204	125127	148152	178180	185191	098102	153153	187187
15	DH2-7	106106	133145	196202	123127	132140	178178	185199	098104	151155	187189
15	DH2-8	096098	129145	196200	123123	146148	178196	189193	098098	165167	189197
15	DH3-1	096098	129143	198202	127127	132144	178178	193195	102110	151159	187189
15	DH3-2	090098	143147	202204	127127	146152	178184	185193	102108	155161	189191
15	DH3-3	096098	145145	200200	127127	148148	178180	185193	098098	151159	187187
15	DH3-4	096098	129145	198200	127129	132140	178180	185197	108110	165165	187191
15	DH3-5	098098	129129	198200	127127	146148	178180	185185	102110	151165	187191
15	DH3-6	098106	129129	200202	127127	146146	180180	193193	108108	167167	197197
15	DH3-7	098098	137145	196196	123123	148148	178182	189191	104104	161167	187187
15	DH4-1	090090	145145	200200	123123	146148	180202	197197	098098	155155	187187
15	DH4-2	098098	145145	198198	127127	146152	178202	193193	102102	149151	187187
15	DH4-3	090090	129145	200200	123123	140140	180180	193193	110110	153155	187197
15	DH4-4	096102	143145	194194	123127	148148	180182	185193	098100	165165	187187
15	DH4-5	096100	137147	196204	127127	146148	178180	185185	102104	155159	187191
15	DH4-6	096098	145145	196196	127127	146148	178178	193197	102110	155161	189191
15	DH4-7	098102	145145	196196	127127	146148	178182	193197	102104	155165	191197
15	DH4-8	090090	145147	200204	127127	148148	178180	185187	098110	153159	189191
16	CG1-1	090106	141141	196202	123139	140146	180202	193197	098100	153159	187189
16	CG1-2	096106	129143	200202	127129	146152	182202	185195	102110	159163	187187
16	CG1-3	094098	135145	200208	129129	146148	178180	191195	112112	151153	187189
16	CG1-4	098098	145145	202204	127129	146150	182202	193193	104110	155155	187189
16	CG1-5	096098	145145	200204	125127	146150	206206	193197	102110	167167	187187
16	CG1-6	096096	129129	200200	127127	146146	178178	199199	098098	163163	187191
16	CG1-7	098098	145145	202212	131131	144144	178180	197199	098098	159159	189191
16	CG1-8	096106	141145	196196	127127	146148	178184	189191	100100	155155	187191
16	CG2-1	096106	129147	206208	127131	146146	178182	185197	098102	155159	187189
16	CG2-2	096098	145145	202202	123123	146148	178178	193197	096104	155159	187187
16	CG2-3	090096	141145	202208	123129	140146	180202	195197	100108	153159	187189
16	CG2-5	096096	129143	200202	129129	144146	180182	193195	110110	159163	187187
16	CG2-7	092098	141143	196200	123125	146152	178198	193197	098110	159165	187191
16	CG2-8	090094	145145	196200	127127	146148	178198	187193	098102	159165	191191
16	CG3-1	094106	129145	196210	127127	148148	180182	191197	102102	155165	187187
16	CG3-3	096098	145145	202202	123123	146148	178178	193197	096104	155159	187187
16	CG3-5	090096	141141	196202	111127	144148	180202	193195	098102	153155	191191
16	CG3-6	096098	135145	200208	123129	146146	178180	191197	100112	151153	187191
16	CG3-8	100106	145145	196202	123127	144146	178180	193197	096102	161163	187189
16	CG4-1	096098	135149	198208	123127	148148	180180	195197	100110	153153	187189
16	CG4-2	096106	129147	196206	127131	146150	182198	185197	098102	155159	189189
16	CG4-4	096096	143147	202202	125127	148148	178178	187193	098098	155155	187191
16	CG4-5	096098	143145	202210	127127	146148	178180	185193	102102	153155	187187
16	CG4-6	096096	129129	200212	127127	146146	178178	199199	098098	163163	187191
16	CG4-8	090096	129129	200200	127127	146146	178178	193199	098102	163163	187191
17	JT1-2	096100	141147	198202	123129	144146	178178	195197	098102	153161	185187
17	JT1-3	096112	147147	204204	125129	144146	200204	195197	098102	153155	185187
17	JT1-6	096096	137143	196210	125127	146154	180180	197197	100104	157159	187187
17	JT1-8	096096	133141	202204	127129	140146	178200	191197	100110	151159	187191
17	JT2-2	090098	141145	200210	125127	148148	176180	187197	102110	157159	187191
17	JT2-4	096100	141147	202202	123129	146146	178178	189197	098102	153161	187187
17	JT2-5	098112	145145	200204	125127	144144	180200	197197	098100	157161	187187
17	JT2-6	098112	145147	196204	125127	144144	180200	197197	098100	155157	185187
17	JT2-7	096112	145147	200204	125129	144146	200204	195197	098102	153157	185187
17	JT2-8	096112	145147	204204	125129	144146	200204	195197	098102	153157	185187
17	JT3-7	094096	137143	196200	127131	146154	180180	197197	098104	157159	187191
17	JT3-8	094096	137143	196210	127131	146154	180180	197197	098104	157159	187191
17	JT4-2	096096	145145	208208	127127	144146	178200	195197	110110	159159	187187
17	JT4-3	098102	133145	196202	127127	146148	180200	193197	098102	151157	187191
17	JT4-8	090096	141145	200202	127127	146146	180200	187197	098100	155157	189191
18	FC1-1	106106	129145	196200	125125	146146	178178	189195	110110	155155	187191
18	FC1-2	092096	145151	196200	127127	132140	180202	187193	098098	155155	185187
18	FC1-3	096098	145145	196200	123131	146146	178198	193199	098110	155159	187187
18	FC1-4	096096	147151	200204	127127	146146	180202	185195	098110	155161	187191
18	FC1-5	092098	145151	202208	123123	146146	178184	195199	098098	153153	187189
18	FC1-6	098098	145145	204204	129129	148148	180180	189189	110110	165167	187191
18	FC1-7	096098	141151	196196	127127	146146	178180	187193	098102	155167	187191
18	FC1-8	096096	141151	196196	127127	146146	178178	187193	098102	155167	191191
18	FC2-1	098098	135145	202204	123123	140146	180180	185199	098098	151151	185187
18	FC3-6	096106	129151	196204	125129	146146	178202	193197	110110	155155	187191
18	FC3-7	090092	145151	200202	123123	140148	178200	197199	098098	153153	187189
18	FC4-1	096098	129141	196196	127127	146146	178178	187193	098102	147167	187191
19	MA1-1	090090	141145	196200	125127	140152	178180	185199	098102	153161	189189
19	MA1-2	098106	145145	204204	123127	148148	202202	185197	098110	163165	191191
19	MA1-3	096098	141145	200202	123125	146146	184202	185193	104110	147165	187191
19	MA1-4	096106	129145	196198	125127	146148	178178	189195	102110	151153	189191
19	MA1-5	096096	137145	194196	123127	148150	180180	191191	098104	157159	187187
19	MA1-6	090106	137145	196196	125127	140148	180180	191193	102104	157159	187187
19	MA1-7	096106	141143	204204	123127	140148	178178	191195	100102	151165	187187
19	MA1-8	098106	129145	198202	123125	146148	178198	191193	096098	147159	187187
19	MA2-1	090096	145147	196202	125127	146148	182202	185199	102108	155165	187191
19	MA2-2	106106	129143	194200	127127	148148	178178	187191	102104	151161	187187
19	MA2-3	096106	145149	196204	125127	146146	178198	185197	110110	155167	187187
19	MA2-7	098106	145147	196198	127127	144146	178178	189197	102104	151155	189191
19	MA3-6	096106	141145	204204	127127	140148	180182	185185	102110	165167	187197
19	MA3-7	098106	129145	198202	123125	146148	180198	185191	096098	147159	187187
19	MA4-2	092096	137137	194196	123127	140146	178178	185199	104110	155165	191197
19	MA4-3	090098	141145	196200	123127	140152	180180	185199	102102	153161	189189
19	MA4-4	096106	145145	194196	123127	148150	180180	185191	098104	157159	187187
19	MA4-6	090106	137145	196196	125127	140148	178180	191193	102104	157159	187187
19	MA4-7	096098	143145	196202	123125	140140	178196	193197	100108	159161	187197
19	MA4-8	096098	145147	196202	127127	146148	182202	185199	098108	155165	191191
20	TH1-6	096096	143143	202204	123125	146150	178178	193197	100110	155163	187191
20	TH1	098106	145145	202202	129129	146142	178180	193195	110110	165167	191191
20	TH2	096098	145145	200202	123129	144146	178196	193199	104110	153165	187187
20	TH3	098106	145145	198198	127129	144152	178178	197197	098110	159165	187191
20	TH4	096106	143145	196202	123129	144146	178178	189197	102110	157159	187189
20	TH5	096096	141145	198208	125129	144146	178178	185199	100106	155157	187191
21	DB1-2	096106	145147	198200	125127	148148	180184	185195	102106	155159	181181
21	DB1-3	096096	147147	196202	129129	140146	178180	185197	110110	155159	181181
21	DB1-4	096096	145145	196204	125127	140146	178180	185191	100104	159165	181181
21	DB1-6	102102	145145	202202	123127	146146	178178	191191	106106	157165	181181
21	DB2-1	096106	137147	202202	127129	148150	178178	191191	106110	155159	187191
21	DB2-3	106106	145147	196204	129129	146148	180198	193197	112112	135151	189197
21	DB2-5	106106	145147	202204	129129	146148	180198	193197	112112	151157	189191
21	DB2-8	096098	147147	196202	127129	140140	180182	195197	098110	159159	189191
21	DB3-1	096096	147147	196206	129129	140146	178180	195197	110110	159159	187191
21	DB3-2	096096	137145	196204	125127	140146	178180	185191	100104	159165	187187
21	DB3-5	096106	145147	200202	127127	148150	178198	191195	100102	151165	187189
21	DB3-7	096106	137143	202202	127129	146148	178178	191195	106110	157159	187191
22	ZJ1-1	096106	147147	198198	123123	146146	182182	185185	104106	159159	191197
22	ZJ1-2	096096	141147	198206	123125	144146	178178	185191	104104	151159	187197
22	ZJ1-4	098098	141147	202202	123123	146146	178182	185191	106106	151151	187197
22	ZJ1-5	098098	141147	202202	127127	144146	178178	185191	100100	151159	187187
22	ZJ2-1	096098	147147	198206	123123	146146	182182	185185	106106	159159	187187
22	ZJ2-4	098102	141145	198206	123125	144144	180182	185185	104104	151159	187191
22	ZJ3-6	096098	147147	198198	123123	144146	182182	185185	106106	159159	187187
22	ZJ3-8	098098	143147	198198	125125	144146	182182	185185	104104	159159	187197
22	ZJ4-1	098098	147147	198198	123127	144144	178178	185185	100106	159159	187197
22	ZJ4-2	096098	147147	198198	123125	146146	178182	185191	104106	159159	187197
22	ZJ4-3	098098	147147	202206	123123	146146	178178	185185	106106	151151	187197
22	ZJ4-4	098102	143147	202206	123125	148148	178178	185185	104106	159159	187189
22	ZJ4-5	096106	147147	198202	123123	146146	182182	185185	104106	151159	195197
22	ZJ4-6	096106	147147	198202	123123	146146	182182	185185	104106	159159	195197
22	ZJ4-7	106106	145145	196196	125125	148148	178178	189195	110110	155155	189191
22	ZJ4-8	096096	141143	198202	123125	148148	182182	185185	104106	159159	187197
23	QL1-1	098098	143143	194196	127131	146146	178178	191193	096100	159169	187191
23	QL1-2	098102	145147	196196	123123	144146	180182	191197	104106	159159	187187
23	QL1-3	090102	129147	196196	123127	140144	178178	185191	106106	159163	189193
23	QL1-4	090098	143143	198204	125125	144146	178178	185185	100100	165165	187191
23	QL1-5	094098	143143	194204	127129	144146	180182	185191	100110	159165	187191
23	QL1-6	102102	137137	196200	127127	146146	200200	185193	106106	159165	187197
23	QL2-1	102102	143149	196206	125127	148150	178178	193193	098100	165165	187191
23	QL2-2	098102	143145	204206	127127	144146	178178	193197	106106	163165	191191
23	QL2-5	098102	137143	202204	127127	144146	180182	191197	100106	159165	187187
23	QL2-7	096102	137143	196198	127129	140148	182202	185191	106110	159159	187197
23	QL3-1	098102	143147	196196	127127	144146	180180	185197	106106	165165	191191
23	QL3-4	098098	137143	198204	127127	144146	180182	191191	106106	159159	197197
23	QL3-6	098098	137143	196204	127127	144148	182200	191193	100102	159165	191197
23	QL3-7	098102	145145	198204	123127	144144	180182	185191	104106	159163	187191
23	QL3-8	094102	143147	194206	127129	144146	178198	191191	110112	151151	191191
23	QL4-1	096098	137143	196198	123127	144144	178180	191193	104106	159167	187187
23	QL4-2	098102	143145	202202	127127	144144	180182	193193	100106	159165	187189
23	QL4-3	102102	137145	198204	127127	146146	178182	191193	100106	159165	191197
23	QL4-4	090102	143145	204204	123127	146146	178180	185191	102106	165165	187187
23	QL4-5	098102	137137	196196	123127	144146	180202	193193	106106	165165	191197
23	QL4-6	098102	137137	196196	123127	144146	180202	193193	106106	165165	191197
23	QL4-8	098098	143143	206206	127127	144144	202202	191193	100104	165165	191191
24	PT1-2	098102	145145	202206	123125	144146	178182	185193	106106	155159	187187
24	PT1-3	098102	129147	204206	123127	146148	178178	185185	106106	153159	191191
24	PT1-5	102102	129145	206212	125131	140144	180182	185191	096102	159159	191197
24	PT1-6	096102	137145	202212	123123	146146	180180	193197	096106	159159	187187
24	PT1-7	096096	141143	198202	125125	144150	178202	185185	106106	159165	187187
24	PT1-8	096102	141141	202202	125125	144148	178182	185185	106106	159159	187191
24	PT2-2	094102	147147	198206	123123	140144	178182	185191	104104	159163	187189
24	PT2-3	096102	141143	202212	127129	140144	178182	185193	106110	159159	187187
24	PT2-4	096102	137141	206212	127127	144144	178182	193197	106106	159167	187191
24	PT2-5	098102	141141	202202	125125	144148	178182	185185	106106	159159	187191
24	PT2-8	096102	137145	202212	123123	146146	180180	193197	096106	159159	187191
24	PT3-1	096096	141143	202206	125125	144146	178178	197199	102102	159159	187191
24	PT3-3	102102	129143	196202	123127	144148	178198	197197	104106	151165	187197
24	PT3-4	096098	137141	200204	123127	146146	176178	189193	104106	151159	189197
24	PT3-5	090102	147147	198206	123129	140148	178182	185193	104110	159163	187197
24	PT4-1	096096	137141	202206	125125	144144	178178	185185	106106	159159	187187
24	PT4-4	096102	137137	206206	125127	146148	182182	185191	106106	159163	187187
24	PT4-5	096098	141141	200206	127127	146148	178178	185185	106106	153165	187191
24	PT4-8	096102	137141	198202	123123	144148	182202	197197	104106	159159	187187
25	CT1-1	098102	137147	196198	123127	140146	178180	193195	104106	165165	191191
25	CT1-2	096098	143145	206206	127127	140140	180202	191197	106110	159165	187191
25	CT1-3	096096	145145	196204	127131	148150	178202	191191	102102	155159	187191
25	CT1-4	090096	145145	198202	123127	140146	180182	191193	102106	159165	187187
25	CT1-5	098102	137141	198206	123127	146146	180182	185197	102106	165165	191191
25	CT1-6	090102	143145	196196	123125	144144	178178	185197	098106	151159	191191
25	CT1-7	102102	143143	198206	123123	144146	178178	193193	106106	151151	191191
25	CT1-8	092100	143149	204204	127131	140142	178178	197197	098104	151165	191191
25	CT2-1	094098	129129	202206	123123	146146	180182	185197	100104	157159	187187
25	CT2-2	098102	143147	198206	123127	144144	180202	193197	106106	159161	191191
25	CT2-3	102102	143145	202204	127127	144148	180202	185197	106106	159165	191191
25	CT2-4	102102	145147	196198	123127	140146	180202	193193	106106	159165	191191
25	CT2-6	090096	137145	202206	127129	142148	180204	191191	102110	159159	189191
25	CT2-8	098102	141143	198202	127127	144146	178202	191197	102106	163165	191191
25	CT3-1	090096	145145	198198	123127	140146	180182	191193	102106	159165	187187
25	CT3-2	098098	147147	196204	125127	146146	178182	185197	102102	159163	187189
25	CT3-3	090102	141143	198206	123127	146146	180182	185197	102106	165165	191191
25	CT3-4	098102	143145	196204	123127	144144	178180	185197	098106	151159	191191
25	CT3-5	102102	143143	198206	123123	144146	178178	191193	106106	151151	191191
25	CT3-6	090102	143143	202202	123127	140146	178202	185191	098106	165165	187191
25	CT3-7	090102	143147	204204	125127	144152	178178	185185	098106	161163	187191
25	CT4-1	098102	137143	196206	127127	144148	178200	191193	102106	161163	187191
25	CT4-5	094098	129143	202206	123123	144146	178180	185197	100104	157159	187187
25	CT4-7	098098	143145	198202	125127	146148	180180	193197	104104	165167	191197
25	CT4-8	098102	143145	202204	123127	146148	180180	193199	104106	159167	191191
26	QS1-1	090098	147147	198204	127127	144146	180180	197197	102106	159165	187205
26	QS1-2	090096	143143	198204	125125	144146	178178	185185	100100	165165	187191
26	QS1-3	094096	143145	202202	127127	144146	180180	197197	106106	165165	191191
26	QS1-4	102102	143149	202202	123125	146146	182204	191191	106106	165165	197197
26	QS1-5	098102	143147	196196	123127	148152	178180	185191	102104	159159	187191
26	QS1-6	096098	143147	200200	123127	148152	178180	185191	102104	159159	187191
26	QS1-7	090096	141143	204210	125127	144144	178178	185193	100102	165165	187191
26	QS1-8	090096	141143	198204	123127	140146	180182	197197	102106	151165	187191
26	QS2-3	090096	143147	198202	125127	144146	180182	185193	098102	151159	187197
26	QS2-4	090102	143147	202210	123127	148148	182202	191191	100104	151165	187197
26	QS2-5	102106	143147	196202	125127	140146	182202	185197	106110	159159	187191
26	QS2-6	098098	143143	200200	123125	146146	182204	191191	106106	165165	197197
26	QS2-7	096098	143147	200200	123125	146146	182204	191197	106106	165165	197197
26	QS2-8	096098	143147	200204	127127	146146	180204	191197	102102	155165	191197
26	QS3-2	098098	143143	196198	123123	146148	178178	185193	102106	165165	187191
26	QS3-3	098098	143143	196198	123123	144148	178178	185185	102106	165165	187191
26	QS3-4	098098	143143	196198	123123	144148	178178	185193	102106	165165	187191
26	QS3-6	096096	143147	200204	127127	146146	180204	191197	102102	155165	191197
26	QS3-7	096096	147147	200204	125127	146146	180204	191197	102106	155165	191197
26	QS4-3	090096	143143	198204	125125	144146	178178	185191	100100	165165	187191
26	QS4-6	090098	147147	198204	127127	144146	178180	197197	102106	159165	187187
27	SS1-3	098102	143143	208208	127127	144144	178198	193193	102106	155155	187187
27	SS1-6	102102	143143	200200	123127	144144	176178	197197	104110	157157	191191
27	SS1-7	098102	143143	202208	127127	140144	178198	193197	102106	155155	187191
27	SS1-8	098098	143143	204204	127127	144144	178200	193197	106106	155155	187187
27	SS2-1	096110	129143	202208	123125	140144	176178	193197	098104	165165	187187
27	SS2-2	092102	143145	196196	127127	140140	178200	193197	106106	157157	187187
27	SS2-4	096098	143143	204208	127127	144152	200200	193197	102106	155155	187187
27	SS2-5	098102	143143	204208	127127	144144	200200	193197	102106	155165	187187
27	SS2-6	098098	143143	208208	127127	144144	178198	193193	106106	155155	187187
27	SS2-8	098102	143143	204204	127127	144152	198200	193197	102106	155155	187187
27	SS3-1	096102	129143	196208	123127	144148	178200	193199	104106	155159	187191
27	SS3-5	098098	143143	204208	127127	144144	178200	193197	106106	155155	187187
27	SS3-6	096098	143145	202202	123127	152152	180180	197197	104104	159159	197197
27	SS3-8	092098	129129	202204	125127	144144	180182	193197	098106	165165	191191
27	SS4-1	098102	129143	196200	127127	144144	180182	197199	106110	151157	187191
27	SS4-4	096096	129143	200206	123123	140144	176180	185197	104104	157159	187191
27	SS4-5	096102	129129	200208	123127	144150	176180	185193	104106	157165	191191
27	SS4-7	102108	133139	200206	125127	140146	178178	191193	098106	165165	187187