"Tegeticula antithetica microsat data, from Yoder et al (2013, JEB)"
111	17	9	2	3
TikabooValley
DelamarVal
EightmileVal
SheepRange
SheepPass
Shivwitts
YuccaForest
IndianRidge
KyleCanyon
KingstonMtns
Cima
AvawatzMtns
Searchlight
DolanSprings
Wikieup
JoshuaTreePkwy
AlamoLake
Population	Individual	Clone	TS02	TS03	TS06	TS13	TS14	TS01	TS05	TS09	TS15
1	TV007	1	110114	106109	109111	111111	105116	103103	104105	108120	146146
1	TV017	1	114115	105107	109110	116119	110111	100100	104107	110110	124124
1	TV026	1	115116	106109	109109	116120	106111	100100	104104	107109	118124
1	TV043	1	110114	103108	110110	113115	105105	101101	104104	109110	118170
1	TV050	1	114116	107108	109109	117118	108108	101103	104104	109112	129132
1	TV070	1	110130	107107	109109	112115	102104	100100	105105	106108	129129
1	TV098	1	115116	106107	109110	117117	110113	103103	103104	107107	127131
1	TV123	1	107115	106106	109109	111122	105108	103103	104104	111112	125133
1	TV139	1	117120	106106	109109	110121	105120	100100	104107	109112	128128
1	TV162	1	109139	106107	110110	117119	105127	103103	104104	109115	132132
2	DV01	1	106112	106106	109110	111120	105108	103103	104106	107111	118118
2	DV02	1	106128	106108	106106	116118	104108	101103	105106	105109	141141
2	DV03	1	127133	106107	109109	113113	108109	101101	104105	110110	125128
2	DV04	1	105129	106108	110110	112118	114125	103103	105107	107111	117131
2	DV05	1	109122	106107	110110	116122	108111	100100	104104	108110	118121
3	EMV01	1	109113	106107	109109	120120	104105	101101	104104	109111	117133
3	EMV02	1	110147	106107	109109	111113	105105	103103	104106	108108	127130
3	EMV03	1	113117	106106	106109	111115	108110	100100	105105	110125	132135
3	EMV04	1	109126	106106	111111	113117	108120	103103	104105	109121	118119
3	EMV05	1	116136	106107	109111	111119	105114	103103	103104	106116	118118
3	EMV06	1	130132	106109	111111	115116	109109	103103	104104	110117	118118
4	SR01	1	113139	106107	109109	115117	102107	100100	102104	102107	119119
4	SR02	1	111117	105107	109109	115119	106109	103103	105105	108112	132147
4	SR03	1	105116	106107	106109	111117	106106	103103	104106	110110	118119
4	SR04	1	119150	107107	109109	113117	105116	103103	104104	106109	100100
4	SR05	1	113116	104106	111111	113117	112123	103103	104106	104110	130130
5	SP01	1	109110	107107	109109	111111	106110	101103	105105	111113	107128
5	SP02	1	115116	106107	109110	116117	109119	103103	104104	108111	130134
5	SP03	1	119130	107112	109110	117122	103115	103103	104104	105106	128128
5	SP04	1	109110	107112	109109	111111	110110	103103	102104	109111	107125
5	SP05	1	104113	107107	109109	113113	106106	100100	104105	108116	128132
6	SW01	1	110116	106108	109109	119121	108108	100100	102104	108112	116121
6	SW02	1	105126	105107	110110	113121	105121	103103	104104	107108	116121
6	SW03	1	112147	105106	107109	113114	110122	103103	105105	110112	115130
6	SW04	1	110136	106107	109110	111119	105105	103103	103104	105110	119133
6	SW05	1	109124	106108	108108	111115	106116	103103	104107	106107	131132
6	SW06	1	111138	106112	109110	111123	105105	103103	100100	104114	121133
6	SW07	1	111137	106107	108109	111112	101105	103103	104105	110111	119119
6	SW08	1	105115	106109	109109	113114	105105	103103	104105	107108	154156
6	SW09	1	112115	106107	109111	112113	108135	103103	104108	110116	121133
6	SW10	1	117124	112114	110110	117118	104104	103103	101105	108111	117150
7	YF01	1	125139	106106	109111	113115	106118	103103	104105	109110	121130
7	YF02	1	109118	106107	109109	113116	113113	100100	101104	105106	116127
7	YF03	1	109125	105107	109110	112116	113113	103104	101102	105107	116127
7	YF04	1	106116	106106	109110	113115	103110	103103	104105	110128	120127
7	YF05	1	110119	106106	109111	113117	111111	100100	106107	105112	122129
7	YF06	1	106125	106106	110110	118119	106118	103103	104105	110128	121130
8	IR01	1	100100	100100	109109	111118	114114	100100	104104	109109	100100
8	IR02	1	118127	107111	109109	111113	105107	103103	105106	106112	117126
8	IR03	1	111116	105106	109109	111121	103105	100100	106106	102110	118124
8	IR04	1	115127	106107	108110	114116	105105	103103	104104	111112	127129
9	KC01	1	115118	106107	110110	115119	105107	100100	102102	109111	127127
9	KC02	1	112120	106108	110110	111114	109110	103103	104105	112114	127127
9	KC03	1	105110	105106	109111	113117	110111	103103	102105	106112	119122
9	KC04	1	110114	106108	109109	119123	109109	101101	105105	107108	119134
10	KM01	1	115132	106106	110110	113121	107107	100100	105105	108111	128130
10	KM02	1	112116	105108	109110	113118	105122	100100	106106	111111	124124
10	KM03	1	115132	107107	109109	113121	107107	100100	104105	108108	130137
10	KM04	1	117135	107107	109109	113119	105126	103103	102105	101108	121132
10	KM05	1	113116	105106	109109	111118	105105	101103	104105	109113	121121
10	KM06	1	114116	106106	109110	115117	127127	103103	102104	109109	127130
10	KM07	1	118132	105106	109109	114122	105106	102102	104104	106109	113126
10	KM08	1	110132	105106	109109	113116	105105	103103	104104	106109	113126
10	KM09	1	112115	106107	110110	113113	108108	103103	104107	109110	161162
10	KM10	1	115124	106108	110110	113116	106108	103103	103103	109110	107162
10	KM11	1	110125	106106	109110	114122	106117	103103	104106	106109	113138
11	CI01	1	112117	107107	110110	114122	109112	103103	108108	104109	132132
11	CI02	1	112134	106106	109109	111113	105120	103103	105105	108109	120129
11	CI03	1	112134	106106	110110	113115	108120	100100	105106	109111	120129
11	CI04	1	112121	105106	109109	113115	108112	103103	102105	109111	120129
11	CI05	1	123123	106107	109109	111113	102118	101103	101104	107113	135140
12	AVA01	1	115115	106106	108108	113120	105117	103103	104105	108110	117135
12	AVA02	1	115115	106106	108108	113120	117121	103103	104104	110131	117135
12	AVA03	1	115119	106106	109109	113120	107121	103103	104105	110110	117134
12	AVA04	1	114132	106107	110110	113117	109130	101103	104106	108115	117117
12	AVA05	1	116132	106107	110110	113117	109116	103103	102105	106111	128153
13	SL01	1	114120	106112	109110	111116	101108	100100	104106	112113	114129
13	SL02	1	104112	105106	109109	111114	109109	103103	104110	108112	133134
13	SL03	1	123143	106107	110110	112113	105121	103103	103104	110112	118118
13	SL04	1	112122	106107	109109	116120	105106	103103	102102	110113	120128
14	DS01	1	116117	106107	109109	112116	109110	103103	104104	108111	125128
14	DS02	1	104104	107107	110110	119123	110120	101101	105105	108111	130131
15	WI01	1	112113	106107	109109	111111	104108	103103	105105	109124	116126
15	WI02	1	111112	107108	109109	111114	102106	103103	104105	108129	118118
15	WI03	1	107115	106107	110110	111120	105105	103103	104105	109125	120120
15	WI04	1	110112	105107	109109	112121	105105	103103	105105	109110	118122
15	WI05	1	112119	105107	110110	111123	104117	103103	104107	109119	134134
15	WI06	1	119123	106108	109111	111111	108117	103103	104108	107110	120126
15	WI07	1	119120	107109	110110	111120	108109	103103	105108	109116	118126
15	WI08	1	106112	106108	109109	111118	107121	101101	104105	107113	129140
15	WI10	1	108117	107107	109109	118118	105109	103103	105107	107109	130132
15	WI11	1	109117	106106	109110	117119	105105	100100	104105	108110	120125
15	WI12	1	112116	103108	108110	118119	105105	100100	103106	113114	116142
15	WI13	1	117120	106107	109109	111111	105105	103103	104105	107108	130132
15	WI14	1	106122	107108	110110	117118	105109	103103	103106	105113	116154
15	WI15	1	115154	106106	109110	111111	109109	103103	104104	109110	117136
15	WI16	1	108114	106108	109109	119120	105105	102103	104105	109135	116136
15	WI17	1	115120	106107	109110	111113	105114	103103	102104	107110	130132
15	WI18	1	111115	107107	110110	111113	105114	103103	102104	110113	130130
16	JTP01	1	110114	107107	109109	111118	113113	101101	104104	108112	116124
16	JTP02	1	106112	107108	109110	111111	111127	103103	105106	101106	100100
16	JTP03	1	109134	107107	109109	111119	108113	101101	104104	101118	124145
16	JTP04	1	120135	106107	109110	111119	115123	100100	105105	111115	121133
16	JTP05	1	111114	105107	109109	111118	106130	101101	105108	105107	128129
16	JTP06	1	112135	106107	110110	111119	103123	100100	104107	119139	128130
16	JTP07	1	120132	107109	109109	111112	103104	100100	103108	101107	118148
16	JTP08	1	109134	106107	109109	117118	113117	103103	105105	105107	125129
17	AL01	1	106106	106106	109109	111124	110113	103103	105106	108111	119134
17	AL02	1	122132	106107	109110	111124	110113	103103	105106	108111	119134
17	AL03	1	122132	106106	109110	111124	110111	100100	105106	107111	134139
17	AL04	1	114135	107107	110110	111115	105127	103103	104105	107119	150152