population	individual	YB04_01	YB04_02	YB06_01	YB06_02	YB12_01	YB12_02	YB13_01	YB13_02	YB01_01	YB01_02	YB15_01	YB15_02	YB21_01	YB21_02	FIL36_01	FIL36_02	YB08_01	YB08_02	YB22_01	YB22_02
JoshuaTree	485.01	142	156	217	227	109	113	201	201	159	180	174	186	113	113	167	173	123	144	183	183
JoshuaTree	485.02	134	140	219	227	105	113	181	183	177	186	172	176	101	113	151	173	126	137	165	175
JoshuaTree	485.03	140	154	234	240	109	117	185	185	157	169	186	192	93	93	181	181	126	144	175	175
JoshuaTree	485.04	142	156	213	230	105	109	181	185	167	173	190	196	101	105	165	187	123	123	170	191
JoshuaTree	485.05	140	154	204	240	109	109	189	195	153	171	178	197	107	107	161	187	126	126	175	191
JoshuaTree	486.01	142	162	223	227	105	113	183	185	163	179	174	186	103	105	177	177	126	126	159	175
JoshuaTree	486.02	162	166	215	244	109	109	179	179	155	161	174	174	91	91	171	171	122	126	175	175
JoshuaTree	486.03	154	154	213	215	105	109	173	187	179	179	174	174	91	101	165	165	126	126	167	183
JoshuaTree	487.01	145	154	234	236	105	117	187	203	169	175	174	186	97	101	165	167	127	137	167	194
JoshuaTree	487.02	134	154	217	217	105	113	187	187	180	180	174	174	101	101	173	173	144	144	173	192
JoshuaTree	487.03	154	156	204	217	105	113	179	191	169	175	178	196	97	107	161	161	122	137	181	187
JoshuaTree	487.04	134	142	230	244	109	117	179	179	167	179	190	190	105	105	171	171	122	122	167	191
JoshuaTree	487.05	134	142	217	227	109	113	187	187	175	180	172	186	101	113	173	173	137	144	145	165
JoshuaTree	488.01	154	156	204	223	105	109	173	183	163	179	174	190	99	99	151	165	124	140	167	181
JoshuaTree	488.02	154	154	213	213	113	117	195	199	163	182	190	192	93	109	163	173	122	144	145	175
SanAndreas	480.01	145	149	232	232	105	105	189	193	165	179	192	196	107	113	165	165	144	147	171	171
SanAndreas	480.02	156	168	228	232	109	109	195	199	165	184	174	174	117	121	161	161	126	126	173	175
SanAndreas	480.03	152	160	227	232	105	113	181	183	155	159	188	199	99	121	149	149	130	135	181	181
SanAndreas	481.01	138	166	221	227	105	109	183	199	167	175	190	194	107	111	165	165	130	147	173	173
SanAndreas	481.02	138	166	221	227	105	109	183	199	167	175	190	194	107	111	165	165	130	147	148	173
SanAndreas	481.03	138	166	221	227	105	109	183	199	167	175	190	194	107	111	165	165	130	147	173	173
SanAndreas	481.04	142	152	208	215	109	113	185	195	153	163	174	176	97	101	149	167	120	129	148	165
SanAndreas	481.05	152	152	208	225	105	109	185	203	153	165	176	188	97	97	149	151	140	147	165	169
FreemontPk	508.01	142	162	208	234	109	109	187	195	165	171	178	190	93	93	169	169	126	131	173	187
FreemontPk	508.02	142	147	221	234	109	109	187	199	167	177	174	190	93	93	169	169	127	127	187	192
FreemontPk	508.03	142	145	230	246	109	109	187	207	171	182	174	192	97	109	165	169	122	142	148	148
FreemontPk	508.04	142	152	213	217	109	109	195	203	161	175	174	174	109	109	167	167	126	126	173	175
FreemontPk	508.05	154	162	227	228	109	109	187	189	177	180	174	174	95	95	169	169	126	126	170	185
FreemontPk	509.01	142	147	228	234	109	125	189	189	163	177	174	190	93	93	169	187	127	127	185	187
FreemontPk	509.02	158	162	225	234	105	125	187	197	163	173	174	178	97	97	169	169	120	129	173	187
FreemontPk	509.03	142	162	232	246	105	105	187	197	173	182	178	192	97	97	165	169	129	142	148	173
FreemontPk	509.04	147	162	221	227	109	109	187	199	175	180	174	186	89	95	169	169	120	126	170	181
FreemontPk	509.05	156	162	217	227	109	109	187	187	163	171	174	174	89	111	165	165	120	120	181	185
FreemontPk	510.01	152	162	217	232	113	113	183	187	165	173	178	188	103	103	165	169	120	129	167	173
FreemontPk	510.02	162	162	208	208	109	109	187	187	163	171	178	190	93	93	165	169	120	126	187	191
FreemontPk	510.03	136	142	227	236	109	109	179	187	173	180	174	188	105	105	169	169	127	127	169	185
FreemontPk	510.04	145	145	219	230	109	109	187	187	171	182	174	192	97	109	169	169	129	142	148	148
FreemontPk	510.05	145	152	230	240	109	109	191	203	146	182	174	174	111	111	165	165	123	129	148	185
KramerHills	511.01	145	162	213	223	109	125	189	199	167	177	176	199	97	97	169	169	126	137	169	183
KramerHills	511.02	145	158	221	234	105	105	183	183	163	182	186	186	97	115	167	167	127	142	179	183
KramerHills	511.03	140	164	230	236	109	109	189	207	157	177	174	188	111	119	165	171	126	137	167	169
KramerHills	511.04	147	162	215	221	109	109	193	193	165	173	174	180	107	131	163	169	124	128	181	181
KramerHills	511.05	145	145	232	232	109	109	187	187	180	180	176	194	99	105	149	151	126	144	183	185
KramerHills	512.01	145	152	221	228	109	125	193	199	167	171	190	196	97	115	167	167	126	126	175	175
KramerHills	512.02	158	158	217	221	105	109	185	189	163	177	172	186	111	121	167	167	147	147	171	185
KramerHills	512.03	142	158	223	238	109	109	181	199	149	171	192	196	93	97	167	167	127	147	169	177
KramerHills	512.04	147	147	217	223	109	109	183	183	171	180	174	174	99	101	167	167	128	128	171	177
KramerHills	512.05	145	145	213	228	105	125	189	199	163	167	176	196	97	97	169	169	126	137	171	183
KramerHills	513.01	147	166	221	232	105	105	183	193	165	180	199	199	97	103	151	151	129	142	175	183
KramerHills	513.02	145	145	221	246	105	105	192	199	165	180	178	182	97	115	167	167	147	147	183	183
KramerHills	513.03	140	158	213	219	105	109	189	192	169	179	192	192	93	101	149	151	123	135	171	179
KramerHills	513.04	145	145	209	238	109	125	192	199	165	175	180	190	103	103	149	163	126	140	173	173
KramerHills	513.05	162	166	213	221	109	109	185	193	179	184	174	197	97	97	171	171	126	126	167	201
CacutsFlats	501.01	145	162	217	234	109	109	181	193	157	171	174	186	113	115	151	151	154	173	179	189
CacutsFlats	501.02	147	152	221	227	109	109	171	203	175	177	172	205	119	119	163	163	122	140	169	170
CacutsFlats	501.03	154	158	208	236	109	109	171	181	169	177	174	186	93	119	165	165	160	160	150	150
CacutsFlats	501.04	145	158	208	234	109	109	181	181	175	184	186	201	103	113	161	165	142	142	150	170
CacutsFlats	501.05	152	162	215	219	109	109	181	185	157	167	174	174	93	125	167	171	121	121	181	189
CacutsFlats	502.01	154	162	221	225	109	109	187	203	165	171	174	174	105	105	169	171	142	149	170	177
CacutsFlats	502.03	145	152	225	225	109	109	183	193	155	173	184	211	93	93	151	151	131	160	150	150
CacutsFlats	502.04	147	160	242	244	109	109	183	187	155	177	186	186	103	103	177	177	137	154	170	170
CacutsFlats	503.01	154	154	223	234	109	109	191	195	177	177	174	192	93	93	169	169	137	160	171	173
CacutsFlats	503.02	154	154	223	234	109	109	191	195	177	177	174	192	93	93	151	169	137	160	171	173
CacutsFlats	503.03	145	147	234	242	109	109	189	193	157	171	186	186	89	97	177	177	121	154	181	181
CacutsFlats	503.04	145	154	213	219	105	105	181	193	163	173	172	192	97	97	171	171	121	121	171	171
CacutsFlats	503.05	149	149	223	223	109	109	171	187	177	188	174	174	89	97	171	177	123	140	170	181
Trona	504.01	149	160	209	230	105	117	183	189	155	157	186	199	103	113	165	165	129	129	176	176
Trona	504.02	156	166	217	244	109	109	181	185	157	182	172	205	89	89	165	165	142	142	185	185
Trona	504.03	156	164	211	213	105	117	185	185	159	167	174	178	109	109	161	161	124	127	171	179
Trona	504.04	142	160	217	221	109	117	181	209	153	171	174	199	99	99	161	161	120	123	171	201
Trona	504.05	149	149	215	232	113	117	201	205	159	175	172	174	95	97	149	151	123	144	179	202
Trona	506.01	142	166	230	232	105	113	187	199	149	177	172	174	107	119	165	165	120	137	177	187
Trona	506.02	149	166	215	230	105	117	187	201	175	177	174	174	97	97	151	159	120	147	187	187
Trona	506.03	149	164	230	238	113	117	185	205	153	157	172	174	97	97	149	149	144	147	179	179
Trona	506.04	156	164	223	223	113	117	179	183	149	173	174	174	95	113	167	173	126	149	179	179
Trona	506.05	140	142	223	227	109	109	179	209	169	184	174	180	115	115	165	165	140	142	169	181
Trona	507.01	156	164	217	228	105	117	189	209	153	157	174	205	97	97	161	163	123	123	171	201
Trona	507.02	142	156	230	232	113	117	183	187	149	161	174	190	119	121	167	167	120	120	169	187
Trona	507.03	142	156	225	240	109	109	183	183	157	157	174	186	103	103	163	163	142	142	193	193
Trona	507.04	164	164	223	228	109	113	179	179	161	173	174	197	105	113	167	167	123	142	169	179
Trona	507.05	156	156	230	238	109	117	185	207	169	171	174	205	113	113	167	167	137	137	179	201
EurekaValley	496.01	154	156	219	238	109	109	171	185	169	173	180	194	93	119	167	167	126	140	183	185
EurekaValley	496.02	145	147	217	236	105	105	193	203	171	179	186	192	93	117	151	151	130	151	185	185
EurekaValley	496.03	140	147	213	242	105	105	171	171	159	171	178	188	99	99	163	163	140	151	198	198
EurekaValley	496.04	145	154	213	215	105	105	183	185	163	177	194	196	101	103	169	169	131	162	189	189
EurekaValley	496.05	145	147	213	244	105	105	171	199	159	167	178	180	97	99	167	167	131	151	185	187
EurekaValley	497.01	147	154	215	219	105	105	183	193	179	188	178	194	99	99	163	165	140	144	185	187
EurekaValley	497.02	145	158	215	242	105	105	171	185	165	171	178	180	117	117	165	167	131	140	185	187
EurekaValley	497.03	147	160	215	215	109	113	185	185	175	179	180	196	93	97	157	165	130	140	187	187
EurekaValley	497.04	145	160	215	225	105	105	183	191	171	175	192	196	99	99	165	169	131	160	187	193
EurekaValley	497.05	156	158	215	215	105	105	171	193	165	177	186	196	93	93	157	157	140	140	185	185
EurekaValley	499.01	154	156	244	246	105	105	171	183	169	177	192	192	93	105	167	169	124	140	187	187
EurekaValley	499.02	145	145	217	225	109	109	171	191	175	175	178	196	99	115	169	169	131	131	191	193
EurekaValley	499.03	154	160	217	219	109	109	185	189	173	179	180	188	93	97	151	151	140	140	191	191
EurekaValley	499.04	140	145	217	227	105	109	185	193	175	186	192	192	115	115	165	165	140	144	187	193
EurekaValley	499.05	156	160	227	234	105	105	187	193	177	179	180	194	99	111	157	167	131	140	187	187
GoldPoint	493.01	154	160	208	213	105	105	191	191	149	161	190	190	111	115	163	165	122	131	185	189
GoldPoint	493.02	142	145	223	225	105	105	183	203	155	157	192	197	99	115	165	167	123	128	179	185
GoldPoint	493.03	142	147	221	223	109	109	181	185	157	169	196	196	99	99	167	167	123	131	175	187
GoldPoint	493.04	147	152	208	223	105	105	181	189	155	171	188	190	99	103	163	165	124	131	183	184
GoldPoint	493.05	149	156	217	225	109	113	193	203	146	153	180	188	107	111	151	171	122	140	185	187
GoldPoint	495.01	147	160	208	236	109	109	193	197	151	155	180	190	103	103	165	173	131	131	186	189
GoldPoint	495.02	147	147	215	217	109	109	189	191	159	175	192	196	103	115	163	163	124	140	185	185
GoldPoint	495.03	152	156	208	223	105	105	193	193	169	171	180	190	93	121	163	163	131	131	185	185
GoldPoint	495.04	147	156	208	221	109	109	193	193	171	171	180	196	93	121	163	165	130	135	185	187
GoldPoint	495.05	140	152	223	223	105	105	185	185	169	171	188	197	105	115	167	167	123	131	179	187
ClaytonValley	489.08	154	154	217	223	105	105	181	183	175	177	180	180	93	103	165	165	130	130	159	189
ClaytonValley	489.09	147	154	215	242	109	109	189	191	173	175	188	188	93	109	163	165	131	151	175	181
ClaytonValley	489.1	152	154	209	223	109	109	181	191	167	177	180	190	93	103	165	165	130	130	181	191
ClaytonValley	491.01	140	156	217	217	105	109	171	171	171	175	190	190	115	115	163	171	122	151	179	179
ClaytonValley	491.02	156	160	219	234	109	109	183	183	153	175	192	192	109	119	165	165	131	151	191	191
ClaytonValley	491.03	147	164	219	230	105	113	181	191	175	180	190	192	115	123	163	171	129	129	179	188
ClaytonValley	491.04	147	152	209	215	105	105	189	193	173	175	186	188	109	109	165	165	151	151	159	183
ClaytonValley	491.05	147	147	217	223	105	113	185	191	175	175	194	194	109	115	165	165	144	151	181	181
MontezumaPk	402.01	140	152	208	225	105	105	185	193	159	165	180	186	115	117	167	167	122	131	193	193
MontezumaPk	402.02	142	154	223	227	105	105	185	203	153	179	180	190	93	113	165	167	128	130	185	185
MontezumaPk	402.03	154	154	225	227	105	105	193	203	151	173	170	188	111	117	167	167	122	131	189	194
MontezumaPk	402.04	138	140	223	223	105	105	185	191	153	161	178	188	105	115	165	165	131	131	189	191
MontezumaPk	402.05	140	152	225	225	105	121	171	189	167	177	186	190	93	93	165	167	126	128	189	193
MontezumaPk	404.01	160	160	223	227	105	113	185	193	149	177	188	188	103	113	171	171	130	130	185	185
MontezumaPk	404.02	147	154	208	223	105	105	191	191	155	171	190	196	117	117	165	167	122	128	183	205
MontezumaPk	404.03	134	140	208	227	105	105	193	193	159	175	180	190	115	115	163	171	122	122	181	193
MontezumaPk	404.04	147	154	205	228	105	105	193	203	149	179	170	196	103	117	165	171	130	131	185	185
NevTestSiteII	586.01	142	145	228	232	105	113	167	181	165	177	178	188	95	95	165	165	128	144	177	186
NevTestSiteII	586.02	152	154	215	232	101	109	179	211	165	167	192	196	99	113	167	167	144	144	145	150
NevTestSiteII	586.03	129	142	221	232	105	125	187	195	171	173	186	196	95	101	167	167	126	129	171	185
NevTestSiteII	586.04	142	152	211	225	101	105	183	223	153	177	192	192	99	113	179	179	149	170	171	185
NevTestSiteII	586.05	142	145	219	228	101	113	173	187	169	175	182	196	97	117	159	165	121	144	150	167
NevTestSiteII	586.06	142	152	215	236	101	109	181	183	167	169	176	178	95	101	159	167	128	144	150	167
NevTestSiteII	587.01	145	156	225	232	109	125	181	199	161	171	186	194	91	91	165	165	128	128	173	181
NevTestSiteII	587.02	142	142	228	236	109	125	167	181	165	169	178	188	95	95	165	165	128	140	177	185
NevTestSiteII	587.03	145	154	223	228	101	109	173	189	171	182	174	174	91	111	167	167	128	144	153	181
NevTestSiteII	587.04	131	154	227	232	109	113	173	173	155	165	182	199	99	103	159	165	123	126	175	186
NevTestSiteII	587.05	147	154	232	232	101	109	183	197	153	159	186	201	91	99	165	167	137	137	150	181
NevTestSiteII	588.01	156	164	232	232	105	105	181	225	165	173	186	196	91	107	167	167	126	154	177	183
NevTestSiteII	588.02	145	154	221	230	101	105	177	179	171	173	182	196	99	103	179	179	123	140	173	186
NevTestSiteII	588.03	142	162	228	232	113	113	181	191	153	165	184	188	95	95	165	165	128	128	155	177
NevTestSiteII	588.04	142	145	215	236	109	109	167	183	165	167	188	192	91	113	165	165	140	140	150	185
NevTestSiteII	588.05	142	164	228	236	109	125	183	189	169	169	186	186	91	95	165	165	123	131	173	177
TVSouth	1260.01	152	162	211	219	101	105	191	205	169	169	188	196	91	91	167	167	122	156	163	194
TVSouth	1260.02	156	162	219	240	105	109	183	189	157	161	196	196	91	111	167	167	140	156	183	252
TVSouth	1260.03	162	166	228	232	105	105	189	191	165	169	174	188	91	109	167	167	123	158	163	183
TVSouth	1260.04	154	156	219	227	105	109	175	199	161	194	174	196	91	109	161	161	122	162	181	183
TVSouth	1260.06	145	149	217	223	109	125	189	205	159	177	188	196	91	115	167	167	123	123	175	185
TVSouth	1260.07	145	145	211	213	105	105	191	191	159	169	196	196	91	91	165	165	121	142	177	179
TVSouth	1260.08	149	156	219	223	109	109	183	199	161	192	188	196	95	115	169	169	124	165	183	183
TVSouth	1260.09	147	147	213	221	109	109	179	183	163	171	188	197	111	111	151	167	121	121	161	185
TVSouth	1260.1	145	176	227	240	101	101	179	199	161	161	121	121	196	196	169	169	147	162	179	194
TVSouth	1263.01	145	145	209	227	101	109	175	183	171	171	188	196	95	111	165	175	142	162	179	183
TVSouth	1263.02	145	168	213	225	101	109	179	187	165	171	174	188	109	115	169	169	124	124	163	175
TVSouth	1263.03	156	176	221	227	105	109	171	199	171	173	182	196	121	121	165	165	122	147	183	194
TVSouth	1263.04	145	145	213	215	105	113	175	183	165	171	197	197	107	121	151	167	120	142	161	185
TVSouth	1263.05	162	176	219	227	101	101	183	183	159	159	194	196	107	107	169	169	131	147	177	181
TVSouth	1263.06	156	170	227	229	105	105	183	189	159	171	196	196	121	121	163	169	142	156	161	181
TVSouth	1263.07	156	152	213	221	109	111	179	187	157	169	174	196	99	109	169	169	122	165	163	183
TikabooValley	868	145	152	227	227	101	101	175	175	159	175	182	194	91	99	169	169	123	137	183	183
TikabooValley	869	140	152	221	232	105	105	191	197	167	177	182	196	115	115	153	165	137	137	181	181
TikabooValley	870	145	147	223	227	101	125	197	203	155	159	182	190	99	109	153	167	137	137	169	197
TikabooValley	871	149	172	208	223	105	105	175	183	163	163	182	186	99	99	163	163	122	131	181	195
TikabooValley	872	140	149	213	232	109	109	175	197	155	167	190	197	115	119	161	161	137	140	175	175
TikabooValley	873	140	166	221	232	105	105	167	175	165	167	174	186	99	111	177	177	123	123	169	181
TikabooValley	875	140	140	221	232	105	105	175	179	171	184	174	178	99	113	151	161	126	137	170	171
TikabooValley	876	140	160	205	219	101	105	175	183	155	175	188	196	115	119	167	167	127	142	189	189
TikabooValley	877	149	154	221	221	105	109	175	175	149	171	182	188	111	111	165	165	133	133	150	169
TikabooValley	878	145	166	221	232	101	105	189	199	165	167	174	186	99	121	169	177	123	140	169	183
TikabooValley	879	149	149	217	221	105	105	167	205	159	179	182	196	97	119	163	167	142	142	179	179
TikabooValley	880	149	170	219	225	105	121	175	175	157	163	182	190	93	99	165	167	129	235	175	175
TikabooValley	881	154	158	213	221	113	113	179	197	161	171	174	186	115	121	159	163	129	137	173	186
TikabooValley	884	140	170	208	230	105	105	183	183	163	163	186	197	97	99	167	171	135	135	169	195
TikabooValley	885	140	145	208	221	105	105	175	175	144	159	190	190	97	103	163	169	135	135	169	189
TikabooValley	886	140	145	208	221	105	105	175	175	144	159	190	190	95	95	163	169	135	135	169	189
TikabooValley	887	149	166	213	213	105	105	189	197	159	163	174	182	99	121	167	167	135	140	169	169
TikabooValley	888	145	154	217	223	109	109	175	175	153	171	178	196	99	99	149	165	135	140	181	181
TikabooValley	889	147	154	217	217	105	105	175	197	155	163	178	196	99	111	167	167	140	147	181	181
TikabooValley	890	145	160	208	208	109	109	201	201	136	171	207	207	99	99	167	167	137	137	161	181
TikabooValley	891	145	149	208	234	101	109	197	201	167	171	194	205	99	99	167	167	135	135	181	186
TikabooValley	892	140	147	213	227	105	105	189	197	155	175	190	196	99	109	165	187	140	140	175	187
TikabooValley	893	154	166	217	232	105	109	167	197	159	159	174	174	111	115	167	167	122	135	150	169
TikabooValley	894	154	166	232	232	105	109	189	189	155	167	196	196	111	115	167	167	123	140	150	169
TikabooValley	895	140	147	221	223	105	109	175	177	155	171	190	190	95	97	169	169	129	135	169	169
TikabooValley	896	147	154	213	221	105	109	175	203	159	173	182	182	115	115	165	165	137	137	191	191
TikabooValley	897	140	149	219	219	105	109	193	207	151	163	178	196	99	99	167	167	128	147	192	195
TikabooValley	898	147	172	213	217	105	105	175	207	144	155	182	196	95	99	167	167	140	140	171	171
TikabooValley	899	147	170	225	232	109	121	175	175	165	167	190	207	111	111	151	163	135	135	177	185
TikabooValley	900	140	145	213	219	105	105	175	199	163	167	186	188	99	99	165	167	137	140	175	175
TikabooValley	901	149	166	221	225	105	105	167	167	167	171	188	188	97	99	169	169	135	142	169	169
TikabooValley	902	140	147	221	221	105	105	167	175	171	171	188	197	97	99	167	167	129	135	187	187
TikabooValley	903	147	147	221	223	105	105	175	179	144	144	182	190	99	111	161	161	140	147	187	189
TikabooValley	904	147	149	221	227	105	117	175	203	144	171	188	199	99	99	153	163	135	137	181	185
TikabooValley	905	152	162	227	227	109	109	173	173	163	171	174	196	93	93	151	151	142	142	177	185
TikabooValley	906	140	172	223	225	105	105	167	167	167	171	182	188	95	111	167	167	129	135	181	185
TikabooValley	907	140	147	223	232	105	113	167	175	159	163	178	196	111	111	165	165	135	135	169	186
TikabooValley	908	147	149	221	221	105	113	167	167	155	159	188	196	97	99	169	169	133	137	171	171
TikabooValley	909	140	168	213	225	109	109	175	201	144	159	184	196	111	115	163	167	135	140	150	169
TikabooValley	910	147	147	217	227	101	105	175	189	165	167	186	186	95	99	159	159	140	142	161	195
TikabooValley	913	140	147	211	227	105	109	191	191	149	163	186	205	99	99	165	165	140	140	189	189
TikabooValley	914	145	149	208	217	105	109	167	167	155	159	186	196	109	109	151	151	135	142	193	193
TikabooValley	916	147	172	225	232	105	121	189	197	144	155	182	190	95	99	161	167	135	137	181	187
TikabooValley	917	145	147	219	221	105	109	177	195	159	177	174	194	99	111	167	167	121	121	150	179
TikabooValley	918	147	149	219	228	105	113	177	195	149	179	174	196	99	111	151	151	121	121	150	179
TikabooValley	919	145	147	219	221	105	113	195	211	149	159	174	194	99	99	151	151	121	121	150	150
TikabooValley	920	145	158	225	228	105	113	195	211	149	159	194	194	99	111	151	151	121	126	150	179
TikabooValley	921	145	154	213	227	105	105	175	179	144	149	176	190	99	113	151	151	147	147	175	181
TikabooValley	923	147	168	209	223	109	109	175	211	149	163	176	176	95	95	175	175	124	142	167	173
TikabooValley	924	162	168	219	227	105	109	183	183	149	171	174	176	99	99	163	169	126	126	175	179
TikabooValley	926	147	162	217	225	105	109	191	191	146	167	190	190	99	99	165	169	126	135	183	183
TikabooValley	950	154	158	217	227	105	105	175	191	149	179	176	194	99	109	169	169	126	165	150	185
TikabooValley	963	147	158	223	227	105	105	183	187	161	171	194	205	113	113	167	167	130	142	179	179
TikabooValley	975	145	152	227	232	105	121	175	197	157	157	197	197	111	111	163	163	135	135	167	189
TikabooValley	976	149	149	232	234	105	121	195	211	159	180	197	197	99	109	169	169	129	135	169	189
TikabooValley	1008	145	145	208	223	121	121	179	183	163	165	207	207	97	111	151	165	135	135	189	189
TikabooValley	1012	142	149	217	230	105	105	173	175	157	159	197	197	111	111	163	163	140	140	169	189
TikabooValley	10219	154	166	209	217	109	109	189	189	163	169	188	192	109	111	169	169	126	142	183	183
TikabooValley	10220	145	158	213	227	105	105	189	195	169	173	174	188	101	115	149	169	142	142	186	186
TikabooValley	10221	149	149	221	227	105	105	175	175	144	163	188	199	121	121	169	169	121	135	167	189
TikabooValley	10222	147	158	209	221	105	113	175	189	169	171	205	205	99	109	165	169	140	142	173	183
TikabooValley	10223	152	158	209	236	105	113	175	175	149	169	178	205	99	117	169	169	126	151	169	183
TikabooValley	10224	154	158	209	223	101	105	187	189	169	173	188	194	95	99	161	165	126	131	150	183
TikabooValley	10225	136	158	209	230	105	105	167	187	169	171	174	205	109	111	169	169	126	142	181	181
TikabooValley	10226	147	166	209	221	105	105	177	187	149	169	188	190	109	113	151	165	129	142	179	179
TikabooValley	10227	154	158	209	217	109	109	189	207	163	169	192	205	109	115	165	165	126	142	150	183
TikabooValley	10228	129	158	209	221	101	105	195	195	159	169	182	205	107	109	167	169	142	170	181	181
TikabooValley	10229	136	166	209	223	105	105	189	203	167	169	188	188	95	109	149	165	123	142	186	186
TikabooValley	10230	149	166	209	230	105	105	189	193	157	169	174	188	99	111	165	167	142	142	179	181
TikabooValley	10231	149	158	227	227	105	105	167	189	157	169	174	188	99	113	165	167	142	142	179	181
TikabooValley	10232	145	172	221	230	105	121	179	201	144	175	190	205	113	113	151	151	129	142	181	183
TikabooValley	10233	154	158	209	219	109	105	177	177	151	169	196	205	101	109	167	169	126	162	150	183
TikabooValley	10234	149	158	227	227	105	105	189	193	169	171	174	188	99	111	169	169	126	135	181	181
TikabooValley	10235	152	166	209	225	105	105	189	205	169	179	188	190	109	109	151	169	126	130	179	183
TikabooValley	10236	149	158	209	225	177	187	177	187	169	175	190	205	99	99	165	169	140	142	179	193
HancockSummit	854.01	142	146	208	215	105	105	183	197	151	157	188	197	91	97	163	167	135	135	187	191
HancockSummit	854.03	149	162	208	227	121	121	175	197	149	157	197	197	93	99	151	151	120	120	187	187
HancockSummit	854.04	145	160	215	227	105	105	175	197	157	169	197	197	99	111	151	153	123	123	189	191
HancockSummit	854.05	142	144	208	234	105	109	173	199	151	155	197	197	99	111	163	163	135	135	179	181
HancockSummit	854.06	140	152	208	211	105	105	183	211	144	161	186	186	99	99	163	163	135	135	165	169
HancockSummit	855.01	136	152	208	232	105	125	191	211	157	167	196	197	99	99	151	151	122	122	187	187
HancockSummit	855.03	140	152	208	225	109	121	175	201	151	165	196	197	99	99	167	167	122	122	169	191
HancockSummit	855.05	149	151	221	227	121	125	173	183	138	157	186	205	99	109	167	167	120	135	170	187
HancockSummit	855.06	142	164	208	211	105	109	175	175	136	163	199	205	99	99	153	163	120	120	184	189
HancockSummit	855.07	149	164	213	225	105	105	175	175	159	165	186	207	99	111	151	167	135	135	189	189
HancockSummit	856.01	147	147	215	228	105	125	173	197	151	157	186	197	99	99	163	163	128	128	184	188
HancockSummit	856.02	145	149	230	234	105	109	173	181	144	151	197	197	97	99	163	163	120	144	189	195
DelamarVal	607.01	164	166	228	232	105	105	183	209	151	159	192	207	97	97	163	163	124	124	169	169
DelamarVal	607.02	170	170	225	225	125	125	183	197	153	159	194	196	91	97	151	151	120	120	176	197
DelamarVal	607.03	170	170	232	236	105	113	209	209	149	151	190	201	97	97	151	151	128	135	167	192
DelamarVal	607.04	170	172	232	236	109	125	183	191	161	175	188	194	97	97	151	151	135	135	169	173
DelamarVal	607.05	166	168	230	232	125	125	187	187	173	175	196	197	97	109	151	151	135	137	206	206
DelamarVal	608.01	152	168	223	227	121	125	183	209	151	179	188	197	97	113	151	151	128	135	175	206
DelamarVal	608.02	149	166	225	225	105	121	179	191	159	163	197	203	91	91	151	161	127	127	169	169
DelamarVal	608.03	154	172	225	225	105	105	183	183	149	177	194	197	97	97	151	161	128	135	175	175
DelamarVal	608.04	166	170	227	236	105	105	169	185	151	161	194	207	91	123	151	153	124	124	167	176
DelamarVal	608.05	152	166	215	232	105	109	179	179	151	151	194	194	97	115	151	151	133	135	169	169
DelamarVal	609.01	154	168	223	232	105	105	171	197	151	155	188	209	97	97	151	151	124	124	165	171
DelamarVal	609.02	145	154	232	232	105	105	183	193	149	161	182	188	97	97	151	153	124	128	171	171
DelamarVal	609.03	162	166	238	244	109	109	197	197	151	175	207	207	97	97	161	163	124	135	169	169
DelamarVal	609.04	142	152	230	230	109	109	193	211	151	171	201	207	91	97	151	151	124	124	169	171
DelamarVal	609.05	140	168	232	232	105	105	171	209	149	149	197	209	97	115	167	167	123	124	173	179
EightmileVal	611.05	149	154	228	228	109	109	169	183	157	161	188	188	91	115	151	151	128	135	175	206
EightmileVal	612.02	134	136	238	249	105	109	169	201	157	165	188	197	97	105	151	161	128	135	169	193
EightmileVal	612.03	154	164	219	228	105	105	187	187	155	163	196	209	91	97	151	153	124	124	167	177
EightmileVal	612.04	145	154	232	252	105	105	171	197	171	180	188	196	107	109	151	151	135	135	189	189
EightmileVal	612.05	149	164	225	225	105	113	193	193	155	159	178	207	113	115	151	151	124	124	165	171
EightmileVal	613.01	152	156	225	225	105	105	175	201	159	163	188	194	101	107	151	151	124	128	171	171
EightmileVal	613.02	162	166	230	252	105	113	195	195	155	165	205	205	99	123	161	163	124	135	169	169
EightmileVal	613.03	154	162	223	244	105	113	179	201	149	151	207	209	97	115	167	167	124	135	169	171
EightmileVal	613.04	149	152	208	228	109	117	177	177	157	159	203	207	91	115	151	161	124	131	173	179
EightmileVal	613.05	145	145	208	225	105	105	169	191	149	161	188	207	107	115	165	169	142	142	183	189
SheepRange	600.02	145	162	208	227	105	105	173	205	157	165	190	190	99	99	163	163	122	135	184	195
SheepRange	600.03	145	149	238	246	105	113	199	205	149	159	196	196	99	101	151	161	122	122	171	187
SheepRange	600.04	136	160	221	227	121	121	173	197	153	157	196	197	99	99	163	167	123	123	189	204
SheepRange	600.05	160	162	208	213	105	109	173	183	159	165	197	197	99	101	151	151	122	123	169	169
SheepPass	614.03	140	152	204	225	105	109	177	179	155	165	196	196	105	107	167	167	121	124	167	167
SheepPass	614.04	149	168	215	227	105	121	191	191	157	165	197	197	101	105	161	167	121	121	191	191
SheepPass	614.05	152	162	223	244	105	105	205	205	167	171	196	197	95	117	167	167	122	122	187	193
Shivwitts	563.01	142	147	254	254	109	109	197	207	155	159	190	190	101	105	167	167	120	135	167	167
Shivwitts	563.02	142	147	254	254	105	109	197	207	155	159	190	190	101	105	161	167	120	135	169	173
Shivwitts	563.03	142	147	252	254	105	109	197	207	155	159	188	192	101	105	161	167	120	135	170	173
Shivwitts	563.04	142	147	236	254	105	109	197	207	155	159	190	190	101	105	161	167	120	135	170	173
Shivwitts	565.01	149	158	221	223	105	105	189	189	149	157	174	188	93	93	159	167	127	127	177	187
Shivwitts	566.01	138	149	242	242	105	121	185	207	155	177	188	199	97	111	151	175	122	124	171	189
Shivwitts	566.02	138	149	242	242	105	121	185	207	155	177	188	199	97	111	151	175	122	124	171	189
Shivwitts	567.01	147	154	215	238	105	109	197	203	155	159	199	199	93	95	153	159	127	127	163	167
Shivwitts	567.02	147	154	215	238	105	109	197	203	155	159	199	199	93	95	153	159	127	127	163	167
Shivwitts	567.03	147	154	215	238	105	109	197	203	155	159	199	199	93	95	153	159	127	127	163	167
Shivwitts	570.01	142	152	228	242	109	125	197	201	142	175	192	197	105	105	153	153	126	126	175	177
Shivwitts	570.02	142	152	228	242	109	125	197	201	142	175	192	197	105	105	153	153	126	126	175	177
YuccaForest	593.01	138	168	213	228	109	109	187	215	146	159	196	196	91	93	163	171	122	122	181	181
YuccaForest	593.02	152	162	227	232	105	109	177	177	146	159	196	196	91	93	161	163	137	137	167	167
YuccaForest	593.03	149	170	208	208	109	109	197	197	159	167	196	196	99	111	151	151	122	122	177	181
YuccaForest	593.04	142	147	211	215	109	109	175	209	159	163	186	186	99	103	161	167	131	131	167	197
YuccaForest	593.05	158	160	213	213	109	109	201	201	167	169	197	197	101	109	151	163	120	120	171	189
YuccaForest	594.01	149	170	211	221	105	105	175	185	151	159	199	203	105	111	151	167	121	121	189	193
YuccaForest	594.02	138	170	209	215	105	105	197	207	153	157	199	213	93	105	167	169	121	121	169	175
YuccaForest	594.03	147	154	219	244	109	125	209	209	153	165	174	174	99	109	151	165	137	137	175	179
YuccaForest	594.04	152	152	225	232	105	105	185	211	151	157	199	201	111	111	163	163	122	137	196	196
YuccaForest	594.05	156	166	213	213	105	109	201	201	161	163	197	199	97	99	151	167	135	137	177	192
YuccaForest	595.01	136	142	213	238	109	109	193	205	151	157	197	201	111	111	161	165	126	142	175	189
YuccaForest	595.02	152	164	213	228	105	109	167	215	153	180	192	196	97	103	165	171	122	131	181	196
YuccaForest	595.03	164	170	219	219	109	109	167	167	144	175	196	197	101	111	151	163	122	122	177	189
YuccaForest	595.04	156	162	217	217	109	109	175	175	155	161	190	197	111	111	151	161	122	122	191	196
YuccaForest	595.05	136	166	227	242	109	109	167	211	161	163	192	197	103	103	161	167	122	126	165	185
IndianRidge	590.01	164	168	211	230	105	128	203	209	155	167	188	197	101	107	151	167	122	122	187	187
IndianRidge	590.05	149	154	221	223	105	113	173	177	155	159	182	197	95	107	161	163	127	144	181	181
IndianRidge	591.01	147	160	223	223	105	105	177	177	159	167	186	186	89	95	151	161	121	122	181	193
IndianRidge	591.02	149	156	225	242	109	109	217	217	149	153	192	192	93	93	161	167	120	135	167	179
IndianRidge	591.03	149	152	209	209	105	113	177	177	146	153	186	197	105	117	151	151	122	124	183	195
IndianRidge	591.04	156	168	215	228	105	105	199	203	157	159	182	197	97	105	161	161	126	135	169	177
IndianRidge	591.05	147	158	219	238	105	105	177	177	157	161	194	194	95	99	151	163	135	135	169	173
IndianRidge	591.06	149	156	217	223	105	117	211	211	153	161	192	197	93	107	151	161	121	135	167	167
IndianRidge	591.07	145	147	217	228	109	109	193	193	151	171	182	188	99	99	151	151	131	137	181	181
KingstonMtns	519.01	147	152	213	230	105	105	175	175	163	171	190	209	101	107	163	163	137	137	191	191
KingstonMtns	519.02	140	154	211	234	105	117	171	193	149	153	184	199	109	109	163	169	120	120	179	179
KingstonMtns	519.03	164	176	213	213	105	105	173	193	163	171	186	203	89	121	165	165	120	137	186	186
KingstonMtns	519.05	134	152	225	230	101	113	171	171	151	167	209	209	105	105	163	167	127	127	181	195
KingstonMtns	520.01	154	160	219	230	105	109	175	185	151	163	174	174	95	99	165	165	120	122	191	191
KingstonMtns	520.02	154	160	219	230	105	109	175	185	159	161	207	209	103	105	163	163	120	120	195	195
KingstonMtns	520.03	152	154	219	225	109	109	177	223	153	155	190	190	101	105	165	165	127	127	184	184
KingstonMtns	520.04	136	162	213	221	105	109	171	193	157	171	184	184	99	99	165	165	121	121	191	191
KingstonMtns	520.05	152	152	209	236	109	117	175	189	165	167	176	190	107	113	163	169	137	137	181	191
KingstonMtns	522.01	145	164	225	228	105	109	169	169	151	159	190	190	95	109	161	161	127	135	181	181
KingstonMtns	522.02	140	164	209	219	109	109	177	189	163	167	190	209	95	107	163	163	120	120	189	189
KingstonMtns	522.03	156	164	230	230	105	105	189	199	153	163	190	205	101	105	163	165	120	120	165	191
KingstonMtns	522.04	152	164	209	249	109	109	189	209	155	167	190	209	95	101	165	165	120	120	191	191
KingstonMtns	522.05	140	156	225	232	105	109	175	201	159	163	190	190	103	103	165	169	131	144	191	191
Cima	476.01	152	162	232	234	105	117	183	201	171	173	186	186	115	119	159	159	129	129	165	208
Cima	476.02	152	162	232	234	105	117	183	201	171	173	190	190	115	119	161	167	133	133	175	175
Cima	476.03	156	160	228	228	105	109	177	209	163	165	194	197	99	105	161	167	129	129	165	165
Cima	476.04	160	162	223	227	109	117	177	197	151	169	194	199	109	111	163	163	121	122	165	187
Cima	476.05	152	158	219	234	105	109	177	213	161	186	190	194	107	111	165	165	121	137	177	177
Cima	477.03	147	154	217	230	109	109	175	177	157	159	192	194	103	103	161	161	121	122	171	187
Cima	477.04	134	152	223	228	105	113	177	177	161	167	190	190	117	119	163	181	123	133	163	177
Cima	477.05	134	154	228	228	105	109	177	177	151	159	190	209	109	113	169	169	121	121	179	184
Cima	478.03	147	168	227	227	105	105	195	199	151	163	182	182	119	119	165	165	122	122	179	191
Cima	478.04	160	170	217	234	109	117	189	211	165	171	199	199	101	115	169	169	122	122	185	191
Cima	479.01	134	154	215	228	105	109	167	167	151	167	182	190	107	119	161	161	124	133	163	171
Cima	479.02	154	162	217	232	105	109	175	201	161	175	188	192	101	101	155	161	122	122	177	177
Cima	479.03	162	166	217	223	105	109	197	201	161	163	188	205	101	107	151	155	122	124	171	171
Cima	479.04	158	170	228	230	105	109	177	213	149	161	199	214	99	107	173	173	122	128	165	177
Cima	479.05	160	166	219	232	105	109	197	213	155	161	192	194	107	117	165	165	122	124	191	191
Searchlight	473.03	145	156	221	227	109	109	177	205	151	161	192	194	101	111	153	153	122	140	161	184
Searchlight	473.04	160	160	215	225	113	117	177	221	151	151	190	190	103	103	163	163	122	122	173	191
Searchlight	473.05	149	152	217	219	105	109	193	205	169	171	192	192	95	103	161	161	122	142	183	199
Searchlight	473.06	149	166	225	234	109	109	171	205	165	165	168	190	101	111	163	175	122	137	167	167
Searchlight	473.07	158	162	228	228	109	113	177	205	142	159	194	197	103	113	163	163	137	140	163	163
Searchlight	474.01	152	172	221	227	105	105	177	195	149	153	190	192	113	113	159	167	122	122	183	191
Searchlight	474.02	156	160	221	232	105	117	171	193	163	163	184	196	107	115	163	169	122	122	177	218
Searchlight	474.03	164	172	221	234	109	109	197	197	159	177	184	184	99	99	163	163	122	122	186	186
Searchlight	474.04	170	172	211	217	105	105	205	205	155	169	217	217	93	111	163	163	133	142	173	173
Searchlight	474.05	156	166	228	228	113	121	167	177	151	165	190	219	111	117	151	173	122	140	193	193
Searchlight	474.06	147	152	208	240	105	109	171	185	151	155	214	214	103	113	167	173	122	122	165	176
Searchlight	475.03	164	179	215	219	109	117	177	177	142	149	184	203	111	111	167	167	122	122	175	181
Searchlight	475.04	158	166	221	228	109	109	177	193	155	159	182	188	115	115	151	151	123	123	196	196
Searchlight	475.05	147	160	219	221	109	109	177	197	149	159	184	184	103	103	151	151	133	133	167	167
Searchlight	475.06	158	170	225	242	105	105	167	173	157	173	186	190	95	95	165	165	122	133	161	167
DolanSprings	528.01	136	147	217	221	105	109	169	197	155	169	199	207	93	99	153	171	122	122	169	169
DolanSprings	528.02	168	168	217	236	109	109	167	171	151	169	196	205	101	113	153	171	127	140	173	181
DolanSprings	528.03	154	164	221	223	109	117	189	205	161	161	201	207	113	113	151	165	140	140	177	201
DolanSprings	528.04	142	154	215	217	105	105	179	179	163	169	196	209	101	101	153	165	122	140	181	185
DolanSprings	528.05	164	168	217	236	109	109	171	179	153	157	196	211	101	115	165	165	128	128	181	181
DolanSprings	529.01	156	160	211	211	105	109	169	193	161	167	188	214	101	109	151	159	127	127	185	185
DolanSprings	529.02	164	168	240	242	101	109	189	197	149	177	190	196	121	121	161	163	122	122	167	205
DolanSprings	529.03	156	168	215	223	109	113	171	177	159	169	192	196	105	105	167	167	122	122	185	185
DolanSprings	529.04	152	154	227	227	109	109	175	211	151	151	182	188	95	109	153	153	122	122	175	185
DolanSprings	529.05	136	158	215	242	101	109	189	197	153	169	190	199	105	109	153	161	135	135	185	205
DolanSprings	530.01	145	168	215	240	109	109	197	211	153	169	196	199	95	95	163	165	122	122	185	185
DolanSprings	530.02	158	168	227	230	105	109	191	191	140	157	182	192	95	111	151	153	122	131	181	194
DolanSprings	530.03	145	168	215	223	105	105	179	211	140	157	196	209	103	113	153	153	144	144	175	194
DolanSprings	530.04	160	166	230	238	109	109	177	199	142	161	180	203	95	99	161	171	126	140	169	201
DolanSprings	530.05	145	156	213	215	105	113	181	197	144	161	182	188	97	119	151	167	122	122	175	179
Wikieup	466.03	152	156	228	236	109	109	173	191	167	171	195	205	95	95	165	165	122	124	176	204
Wikieup	466.04	152	156	223	228	105	105	191	191	163	167	186	197	95	119	151	151	122	122	204	214
Wikieup	466.05	152	156	223	228	105	105	185	191	163	167	186	197	95	119	151	151	122	122	204	214
Wikieup	466.06	154	154	205	230	109	109	175	175	169	175	180	194	111	121	161	167	122	124	163	192
Wikieup	466.07	149	158	232	232	109	109	191	201	163	163	196	196	111	111	165	175	122	128	175	175
Wikieup	467.01	149	149	223	232	105	105	185	209	163	173	186	197	95	111	159	159	124	124	196	206
Wikieup	467.02	136	152	232	232	105	109	181	201	159	163	180	203	99	125	159	165	122	122	171	198
Wikieup	467.03	149	156	217	234	105	117	185	191	151	161	194	201	99	111	165	167	122	140	202	202
Wikieup	467.04	149	152	223	230	105	105	185	205	163	175	197	203	95	95	165	165	124	128	204	206
Wikieup	467.05	149	164	228	234	105	109	201	207	163	169	196	205	111	113	165	165	124	129	167	171
Wikieup	467.06	156	164	223	223	105	109	175	207	163	171	192	201	95	95	165	167	127	128	167	201
Wikieup	467.07	152	158	230	232	105	105	185	191	171	175	197	205	95	95	165	165	122	122	175	206
Wikieup	468.01	149	164	225	236	117	117	175	185	161	165	194	196	111	117	151	165	122	122	175	204
Wikieup	468.02	149	149	223	230	105	105	185	191	161	163	194	197	97	111	167	167	124	128	202	202
Wikieup	468.03	136	152	232	232	105	109	181	201	159	163	180	203	99	125	159	165	122	122	171	198
JoshuaTreePkwy	461.01	160	166	217	227	105	117	203	203	165	171	196	205	109	109	165	167	122	122	173	175
JoshuaTreePkwy	461.02	156	168	217	232	105	105	191	197	169	177	191	203	119	119	165	165	122	122	186	197
JoshuaTreePkwy	461.03	145	152	211	217	105	105	165	201	161	165	196	196	109	109	165	165	133	133	175	183
JoshuaTreePkwy	461.04	152	154	213	236	105	105	199	199	159	171	180	196	101	105	169	169	133	133	189	198
JoshuaTreePkwy	461.05	156	164	228	228	109	117	189	199	151	175	196	199	99	99	159	159	128	165	181	202
JoshuaTreePkwy	462.01	154	154	205	232	105	109	175	193	167	179	201	201	105	105	165	165	122	140	177	200
JoshuaTreePkwy	462.02	149	154	208	208	105	109	175	191	161	167	196	196	105	105	165	167	122	122	194	198
JoshuaTreePkwy	462.03	154	154	227	227	105	109	175	175	163	165	180	196	113	113	165	165	122	133	173	193
JoshuaTreePkwy	462.04	154	160	228	228	105	109	192	201	159	167	196	196	97	97	159	169	122	122	173	192
JoshuaTreePkwy	462.05	156	170	230	232	109	109	192	199	153	167	199	199	105	105	165	165	133	133	183	193
JoshuaTreePkwy	462.06	154	154	205	230	109	109	175	191	163	167	196	205	109	119	159	165	133	133	189	202
JoshuaTreePkwy	462.07	149	154	205	232	105	109	203	203	159	169	197	203	95	95	165	165	122	122	187	189
JoshuaTreePkwy	463.03	154	164	225	230	105	117	192	192	161	175	196	201	117	117	165	169	122	122	189	192
JoshuaTreePkwy	463.05	154	154	213	227	105	109	175	175	163	165	180	196	113	113	165	165	122	133	173	173
AlamoLake	549.01	149	156	225	225	105	117	165	203	159	165	182	188	111	117	159	159	120	120	189	198
AlamoLake	549.02	142	164	211	225	109	121	193	203	163	171	194	197	115	117	159	159	121	121	161	177
AlamoLake	549.03	162	168	227	230	105	117	167	171	167	171	194	194	121	121	151	163	133	133	185	198
AlamoLake	549.04	152	164	225	227	105	105	195	203	171	173	178	197	95	115	159	159	121	121	183	183
AlamoLake	549.05	142	170	227	244	105	105	169	181	171	173	188	194	95	95	151	159	120	120	183	189
AlamoLake	550.03	162	162	223	227	117	117	201	201	167	171	194	196	117	117	165	165	120	120	191	198
AlamoLake	550.04	142	166	223	244	109	109	165	201	163	167	194	197	117	117	151	165	140	140	191	200
AlamoLake	550.05	156	166	211	230	105	105	165	165	165	167	194	196	95	95	151	165	120	120	181	208
AlamoLake	550.06	142	152	211	228	105	105	201	201	163	171	194	194	95	117	151	151	121	121	183	185
AlamoLake	550.07	142	142	225	228	105	105	181	181	163	177	197	199	111	111	159	159	140	140	161	210