0	0	0	0	0	0	0	0	0	0	0	0	0	0	0	0	0	0	0	0	0	0	0	0	0	0	0	0	0	0	0	0	0	0	0	0	0	0	0	0	0	0	0	0	0	0	0	0	0	0	0	0	0	0	0	0	0	0	0	0	0	0	0	0	0	0	0	0	0	0	0	0	0	0	0	0	0	0	0	0	0	0	0
BAGmff1	1	1	1	0	1	0	1	1	0	0	0	1	0	1	1	1	0	1	0	1	0	1	1	0	0	0	1	1	1	0	0	0	1	1	1	1	1	1	1	1	1	0	1	0	1	0	1	0	1	1	1	1	1	0	1	1	0	1	1	1	1	1	1	0	1	1	0	1	1	1	1	1	1	0	1	1	0	1	0	0	0	1	1	0	
BAKmff1	2	1	1	0	1	0	1	1	0	0	0	1	0	1	1	1	0	1	0	1	0	1	1	0	0	1	1	1	1	0	0	1	1	1	1	0	1	1	1	1	0	0	1	0	1	1	0	0	1	1	1	1	1	0	1	1	0	1	1	1	1	1	1	0	1	1	0	0	1	1	1	1	1	1	1	1	0	1	0	0	1	1	1	1	
BAKmff2	2	1	1	0	1	0	1	1	0	0	0	1	0	1	1	1	0	0	0	1	0	1	1	0	0	0	1	1	1	0	0	1	1	1	1	1	1	1	1	1	0	0	1	0	1	1	0	0	1	1	1	1	1	1	0	1	0	1	1	1	1	1	1	0	1	1	0	0	1	1	1	1	1	1	1	1	1	1	0	1	1	1	1	1	
BAKmfm1	2	1	1	0	1	0	1	1	0	0	0	1	0	1	1	1	0	0	0	1	0	1	1	0	0	0	0	1	1	0	0	1	1	0	1	0	1	0	1	1	0	0	1	0	1	1	0	0	1	0	1	1	1	0	1	1	0	1	1	1	1	1	1	0	1	1	0	0	1	1	1	1	1	0	1	1	0	1	0	1	1	1	1	1	
BAKmfm2	2	1	1	0	1	0	1	1	0	0	0	1	0	1	1	1	0	1	0	1	0	1	0	1	0	0	1	1	1	0	0	1	1	1	1	0	1	1	1	1	0	0	1	0	1	1	0	0	1	1	1	1	1	1	0	1	0	1	1	1	1	1	1	0	1	1	1	0	1	1	1	1	1	0	1	1	1	1	0	1	1	1	1	1	
BECmff1	3	1	1	0	1	0	1	1	0	0	0	1	0	1	1	1	0	1	0	1	0	1	1	0	0	0	1	1	1	0	0	1	1	1	1	1	1	1	1	1	1	0	1	0	1	0	1	1	1	0	1	1	1	0	1	1	0	1	1	1	1	1	1	0	1	1	0	1	1	1	1	1	1	0	1	1	0	1	0	0	1	1	1	1	
BECmff2	3	1	1	0	1	0	1	1	0	0	0	1	0	1	1	1	0	1	0	1	0	1	1	0	0	0	1	1	1	0	0	1	1	1	1	1	1	1	1	1	0	0	1	0	1	1	1	0	1	0	0	1	1	1	0	1	0	1	1	1	1	1	1	0	1	1	0	1	1	1	1	1	1	0	1	1	0	1	0	1	1	1	1	1	
BECmff3b	3	1	1	0	1	0	1	1	0	0	0	1	0	1	1	1	0	1	0	1	0	1	1	0	0	0	1	1	1	0	0	1	1	1	1	0	1	1	1	1	0	0	1	0	1	0	1	0	1	0	0	1	1	1	0	1	0	1	1	1	1	1	1	0	1	1	0	1	1	1	1	1	1	0	1	1	0	1	0	0	1	1	1	1	
BECmfm1	3	1	1	0	1	0	1	1	0	0	0	1	0	1	1	1	0	1	0	1	0	1	1	0	0	0	1	1	1	0	0	1	1	1	1	0	1	1	1	1	0	0	1	0	1	0	1	1	0	1	0	1	1	0	1	1	0	1	1	0	1	1	1	0	1	1	0	1	1	1	1	1	1	0	1	1	0	1	0	1	1	1	1	1	
DADmff2	4	1	1	0	1	0	1	1	0	0	0	1	0	1	1	1	1	1	1	0	0	1	0	0	0	0	1	0	1	0	0	1	1	1	1	0	1	1	0	1	0	0	1	0	1	1	1	0	1	0	1	1	1	1	0	1	0	1	1	1	1	1	1	0	1	1	1	1	1	1	1	1	1	1	1	1	1	1	0	0	1	1	1	1	
DADmff3	4	1	1	0	1	0	1	1	0	0	0	1	0	1	1	1	1	1	0	1	0	1	1	0	0	0	1	1	1	0	0	0	1	1	1	0	1	1	1	1	0	0	1	0	1	0	1	0	0	1	1	1	1	1	0	1	0	1	1	1	1	1	1	0	1	1	0	0	1	1	1	1	1	1	1	1	1	0	0	1	1	1	1	1	
DADmff4	4	1	1	0	1	0	1	1	0	0	0	1	0	1	1	1	1	1	0	1	0	1	1	1	0	0	1	1	1	0	0	0	1	1	1	1	1	1	1	1	0	0	0	1	1	0	1	0	1	1	1	1	1	1	0	1	0	1	0	1	1	1	1	0	1	1	1	1	1	1	1	1	1	1	1	1	1	1	0	0	1	0	1	1	
DADmff5	4	1	1	0	1	1	1	1	0	0	0	1	0	1	1	1	0	1	0	1	0	1	0	0	0	0	1	1	1	0	0	1	1	1	1	1	1	1	1	1	1	0	1	0	1	0	1	0	1	0	1	1	1	1	0	1	0	1	1	1	1	1	1	0	1	1	1	0	1	1	1	1	1	0	1	1	1	1	1	1	1	1	1	0	
DESmff1	5	1	1	0	1	0	1	1	0	0	0	1	0	1	1	1	0	1	0	0	0	1	1	0	0	0	1	1	1	0	0	0	1	1	1	1	1	1	1	1	0	1	0	0	1	0	1	0	1	0	1	1	1	0	0	1	0	1	1	1	1	1	1	0	1	1	0	1	1	1	1	1	1	1	1	1	0	1	0	1	0	1	1	1	
DESmff2	5	1	1	0	1	0	1	1	0	1	1	1	0	1	1	1	0	1	0	1	0	1	1	0	0	0	1	1	1	0	0	1	1	1	1	0	1	1	1	1	0	0	0	0	1	0	1	0	1	0	1	1	1	1	1	1	0	1	1	1	1	1	1	1	1	1	0	1	1	1	1	1	1	1	1	1	0	1	0	0	1	0	1	1	
DIPmff1	6	1	1	0	1	0	1	1	0	0	0	1	0	1	1	1	0	0	0	1	0	1	1	0	0	0	1	1	1	0	0	0	1	1	0	1	1	1	1	1	0	0	1	0	1	0	1	0	1	0	1	1	1	0	1	1	0	1	1	1	1	1	1	1	1	1	0	1	1	1	1	0	1	1	1	1	0	1	0	1	0	1	1	1	
DOMmff1	7	1	1	1	1	0	1	1	0	0	0	1	0	1	1	1	0	1	1	1	0	1	1	0	0	0	1	1	1	0	0	0	1	1	1	0	1	1	1	1	0	0	1	1	1	0	1	0	1	0	1	1	1	1	1	0	0	1	1	1	1	1	1	0	1	1	0	0	1	1	1	1	1	1	1	1	1	1	1	1	1	0	1	1	
DOMmff2	7	1	1	0	1	0	1	1	0	0	0	1	0	1	1	1	0	1	0	1	0	1	1	0	0	0	1	1	1	0	0	0	1	1	1	1	1	1	1	1	0	0	1	0	1	0	1	0	0	1	1	1	0	1	0	1	0	1	1	1	1	1	1	1	1	1	0	1	1	1	1	1	1	1	1	1	0	1	0	1	0	1	1	1	
DOMmff3	7	1	1	1	1	0	1	1	0	0	0	1	0	1	1	1	0	1	0	1	0	1	1	0	0	0	1	1	1	0	0	1	1	1	1	1	1	1	1	1	0	0	0	0	1	0	1	0	1	0	1	1	1	0	1	1	0	1	1	1	1	1	1	0	1	1	0	1	1	1	1	1	1	1	1	1	1	1	0	0	1	1	1	1	
DOMmfm1	7	1	1	1	1	0	1	1	1	1	0	1	0	1	1	1	0	1	1	1	0	1	1	0	0	0	1	1	1	0	0	1	1	0	1	1	1	1	1	1	0	0	1	0	1	1	0	0	1	1	1	1	1	0	1	1	0	1	1	1	1	1	1	0	0	1	0	0	1	1	1	1	1	1	1	1	1	1	0	0	0	1	1	0	
DOMmfm2	7	1	1	0	1	0	1	1	0	0	0	1	0	1	1	1	0	1	0	1	0	1	1	0	0	0	1	1	1	0	0	1	1	1	1	1	1	1	1	1	0	0	0	0	1	1	0	0	0	1	1	1	1	1	0	1	1	1	1	1	1	1	1	1	1	1	0	1	1	1	1	1	1	1	1	1	0	1	0	1	1	0	1	1	
DZEmff2	8	1	1	0	1	0	1	1	0	0	0	1	0	1	1	1	0	0	0	1	0	1	1	0	0	0	1	1	1	0	0	1	0	1	1	0	1	1	1	1	0	0	1	0	1	0	1	0	1	0	1	1	1	1	0	1	0	1	1	1	1	0	1	1	1	1	0	1	1	1	1	1	1	1	1	1	0	1	0	0	0	1	1	1	
DZEmff3	8	1	1	0	1	0	1	1	0	0	0	1	0	1	1	1	0	1	0	1	0	1	1	0	0	0	1	1	1	0	0	0	1	1	1	1	1	1	1	1	0	0	0	0	1	0	1	0	1	0	1	1	1	0	1	1	0	1	1	0	1	1	1	0	1	1	0	1	1	1	1	1	1	1	1	1	1	1	1	1	1	0	1	1	
DZEmff4	8	1	1	0	1	0	1	1	0	0	0	1	0	1	1	1	0	0	1	0	0	0	1	0	0	0	1	1	1	0	0	1	1	1	1	1	1	1	1	1	0	0	1	1	1	0	1	0	1	0	1	1	1	1	0	1	0	1	1	1	1	1	1	1	1	1	0	1	1	1	1	1	1	1	1	1	1	1	1	1	0	1	1	1	
ERFmff1	9	1	1	0	1	0	1	1	0	0	0	1	0	1	1	0	0	1	0	0	0	1	0	0	0	0	1	1	1	0	0	1	1	1	1	0	1	1	1	1	0	0	0	1	1	0	1	0	1	0	1	1	1	1	0	1	0	1	0	1	1	1	1	0	1	1	1	0	1	1	1	1	1	0	1	1	1	1	0	1	1	1	1	1	
ERFmff2	9	1	1	1	1	0	1	1	0	0	0	1	0	1	1	1	0	1	0	1	0	1	1	0	0	0	1	1	1	0	0	1	1	1	1	1	1	1	1	1	0	1	0	1	1	1	0	0	1	0	1	1	1	1	0	1	0	1	1	1	1	1	1	0	1	1	1	0	1	1	1	1	1	1	1	1	1	1	0	0	1	1	1	1	
ERFmff3	9	1	1	0	1	0	1	1	0	0	0	1	0	1	1	1	0	1	0	1	0	1	1	0	0	0	0	1	1	0	0	1	1	1	1	1	1	1	1	1	0	0	1	0	1	0	1	0	0	1	1	1	1	1	0	1	0	1	1	1	1	1	1	0	1	1	1	0	1	1	1	1	1	0	1	1	1	1	0	0	1	1	1	1	
ERFmfm1	9	1	1	1	1	0	1	1	0	0	0	1	0	1	1	1	0	1	0	1	0	1	0	1	0	0	1	1	1	0	0	1	1	1	1	1	1	0	1	1	0	0	1	0	1	0	1	0	1	1	1	1	1	0	1	1	1	1	0	1	1	1	1	0	1	1	0	0	1	1	1	1	1	1	1	1	1	1	0	0	1	1	1	0	
FELmff2	10	1	1	0	1	0	1	1	0	0	0	1	1	1	1	1	0	1	0	1	0	1	1	0	0	0	1	1	1	0	0	1	1	1	1	0	1	1	1	1	0	0	0	0	1	0	1	0	1	1	1	1	1	1	0	1	0	1	1	1	1	1	1	1	1	1	1	1	1	1	1	1	1	1	1	1	0	1	0	1	0	1	1	1	
FELmff3	10	1	1	1	1	0	1	1	0	0	0	1	0	1	1	1	0	1	0	1	0	1	1	0	0	0	1	1	1	0	0	1	1	0	1	1	1	1	1	1	0	0	1	1	1	0	1	0	1	0	1	1	1	1	1	1	0	1	1	1	1	1	1	0	1	1	0	1	1	1	1	1	1	0	1	1	0	1	1	1	0	1	1	1	
FELmff4	10	1	1	0	1	0	1	1	0	0	0	1	0	1	1	1	0	1	0	1	0	1	1	0	0	0	1	1	1	0	0	1	1	1	1	1	0	1	1	1	0	0	0	0	1	0	1	1	1	0	1	1	0	1	1	1	0	1	1	1	1	1	1	1	1	1	0	1	1	1	1	1	1	1	1	1	1	1	0	0	0	1	1	1	
ILGmff2	11	1	1	0	1	0	1	1	0	0	0	1	0	1	1	1	0	1	0	1	1	0	1	0	0	0	1	1	1	0	0	1	1	1	1	0	1	1	1	1	0	0	0	0	1	0	1	0	1	1	1	1	1	1	0	1	0	1	1	1	1	1	1	0	1	1	0	0	1	1	1	1	1	0	1	1	1	0	0	1	1	1	1	0	
ILGmfm1	11	1	1	0	1	0	1	1	0	0	0	1	0	1	1	1	1	0	0	1	1	0	1	1	0	0	0	1	1	0	1	1	1	1	1	0	1	1	1	1	0	0	0	1	1	0	1	0	1	1	1	1	1	0	0	1	1	1	1	1	1	1	1	0	1	1	0	0	1	1	1	1	1	1	1	1	1	1	1	0	1	1	1	0	
ILGmfm2	11	1	1	0	1	0	1	1	0	0	0	1	0	1	1	1	0	0	0	1	0	1	0	1	0	0	1	1	1	0	0	1	1	1	1	0	1	1	1	1	0	0	0	0	1	0	1	0	1	1	1	1	1	1	0	1	0	1	1	1	1	1	1	0	1	1	0	0	1	1	1	1	1	1	1	1	0	0	0	1	1	1	1	0	
ILGmfm3	11	1	1	0	1	0	1	1	0	0	0	1	0	1	1	1	1	1	0	1	1	0	1	0	0	0	1	1	1	0	1	1	1	1	1	0	1	1	1	1	0	1	0	0	1	0	1	0	1	0	1	1	1	0	1	1	0	1	1	1	1	1	1	0	1	1	0	0	1	1	1	1	1	1	1	1	1	1	0	1	1	1	1	1	
KETmfm1b	12	1	1	0	0	0	1	1	0	0	0	1	0	1	1	1	0	1	1	1	0	1	1	0	0	0	1	1	1	0	0	1	1	1	1	1	1	1	1	1	0	1	0	0	1	0	1	0	1	0	0	1	1	0	1	1	0	1	1	1	1	1	1	1	1	1	0	1	1	0	1	1	1	1	1	1	0	1	0	1	0	1	1	1	
KHAmff2	13	1	1	0	1	0	1	1	1	0	0	1	0	1	1	1	0	0	0	1	1	0	1	0	0	0	1	1	1	0	0	1	1	1	1	0	1	1	1	1	0	0	1	0	1	1	0	0	1	1	1	1	1	1	1	1	0	1	1	1	1	1	1	0	1	1	0	0	1	1	1	1	1	1	1	1	0	1	0	1	1	1	1	1	
KHAmff3	13	1	1	0	1	0	1	1	0	0	0	1	0	1	1	1	0	1	0	1	1	0	1	0	0	0	1	0	1	0	0	1	1	1	1	1	1	1	1	1	0	0	1	0	1	1	0	0	1	1	1	1	1	1	0	1	0	1	1	1	1	1	1	0	1	1	0	1	1	1	1	1	1	1	1	1	1	1	0	1	1	1	1	1	
KHAmff4	13	1	1	0	1	0	1	1	0	0	0	1	0	1	1	1	0	0	0	1	0	1	1	0	0	1	1	0	0	0	0	1	1	1	1	1	1	1	1	1	0	0	1	0	1	0	1	0	1	1	1	1	1	0	1	1	1	1	1	1	1	1	1	0	1	1	1	0	1	1	1	1	1	1	1	1	1	1	0	1	1	1	1	0	
KHAmff5	13	1	1	0	1	0	0	0	0	0	0	1	0	1	1	1	0	1	0	1	1	0	1	0	0	0	1	1	1	0	0	1	1	1	1	1	1	1	1	1	0	0	1	0	1	1	0	0	1	1	1	1	1	1	1	1	0	1	1	1	1	1	1	0	1	1	0	0	1	1	1	1	1	1	1	1	1	1	0	1	1	1	1	1	
LAUmff1	14	1	1	1	1	0	1	1	0	0	0	1	0	1	1	1	0	1	1	1	0	1	1	0	0	0	1	1	1	0	0	0	1	1	1	1	1	1	1	1	0	0	0	0	1	1	1	0	0	1	1	1	1	1	0	1	0	1	1	1	1	1	1	0	1	1	0	1	1	1	1	1	1	1	1	1	1	1	0	1	1	1	0	1	
LAUmff2	14	1	1	0	1	0	1	1	0	0	0	1	0	1	1	1	0	1	0	1	0	1	1	0	0	0	1	1	1	0	0	0	1	1	1	1	1	1	1	1	0	0	1	0	1	0	1	0	1	1	1	1	1	0	0	1	0	1	1	1	1	1	1	1	1	1	0	1	1	1	1	1	1	1	1	1	0	1	1	1	1	1	0	1	
LAUmff4	14	1	1	0	1	0	1	1	0	0	0	1	0	1	1	1	0	1	0	1	0	0	1	0	0	1	1	1	1	0	0	1	1	1	1	1	1	1	1	1	0	0	1	0	1	0	1	0	1	0	1	1	1	1	0	1	0	1	1	1	1	1	1	1	1	1	0	1	1	0	0	1	1	1	1	1	0	1	0	1	0	1	1	1	
LAUmfm1	14	1	1	1	1	0	1	1	0	0	0	1	0	1	1	1	0	1	0	1	0	1	1	0	0	0	1	1	1	0	1	1	1	1	1	1	1	1	1	1	0	0	0	0	1	0	1	0	1	0	1	1	1	1	1	0	0	1	1	1	1	1	1	0	1	1	0	0	1	1	1	1	1	1	1	1	1	1	0	1	0	1	1	1	
LAUmfm2	14	1	1	0	1	0	1	1	0	0	0	1	0	1	1	1	0	1	0	1	0	1	1	0	0	0	1	1	1	0	0	1	1	1	1	1	1	1	1	1	0	0	1	0	1	0	1	0	1	0	1	1	1	1	1	0	0	1	1	1	1	1	1	1	1	1	0	1	1	1	1	1	1	1	1	1	1	1	0	1	0	1	1	1	
LOZmff1	15	1	1	0	1	0	1	1	0	0	0	1	0	1	1	1	0	1	0	1	0	1	1	0	0	0	1	1	1	0	0	1	1	1	1	0	1	1	1	1	0	0	1	0	1	0	1	0	1	0	0	1	1	1	0	1	0	1	1	1	1	1	1	0	1	1	1	1	1	1	1	1	1	0	1	1	1	1	0	1	1	0	1	1	
LOZmff3	15	1	1	0	1	0	1	1	0	0	0	1	0	1	1	1	0	1	0	1	0	1	1	0	0	0	1	1	1	0	0	1	1	1	1	1	1	1	1	1	0	0	1	0	1	0	1	0	1	0	0	1	1	1	0	1	1	1	1	0	1	1	1	0	1	1	0	1	1	1	1	1	1	1	1	1	0	1	0	1	1	1	1	1	
PASmfm1	16	1	1	0	1	0	1	1	0	0	0	1	0	1	1	1	0	0	0	1	0	1	1	0	0	0	0	1	1	0	0	1	1	1	1	1	1	1	1	1	0	0	0	1	1	0	1	0	1	0	1	1	1	1	0	1	0	1	1	1	1	1	1	0	1	1	0	1	1	1	1	1	1	1	1	1	1	0	0	1	0	1	1	1	
PIEmff1	17	1	1	0	1	0	1	1	0	0	0	1	0	1	1	1	0	1	0	1	0	1	1	0	0	0	1	1	1	0	0	1	1	1	1	0	1	1	1	1	0	0	1	0	1	0	1	1	1	0	0	1	1	0	1	1	0	1	1	1	1	1	1	0	1	1	0	1	1	1	1	1	1	1	1	1	0	1	0	1	1	1	1	1	
PIEmff2	17	1	1	0	1	0	1	1	0	0	0	1	0	1	1	1	0	1	0	1	0	1	1	0	0	0	1	1	1	0	0	1	1	1	1	0	1	1	1	1	0	0	1	0	1	0	1	1	1	0	0	1	1	0	1	1	0	1	1	1	1	1	1	0	1	1	0	1	1	1	1	1	1	1	1	1	0	1	0	1	1	1	1	1	
PIEmff3	17	1	1	0	1	0	1	1	0	0	0	1	0	1	1	1	0	1	0	1	0	1	1	0	0	0	1	1	1	0	0	1	1	1	1	0	1	1	1	1	0	0	1	0	1	0	1	1	1	0	0	1	1	0	1	1	0	1	1	1	1	1	1	0	1	1	0	1	1	1	1	1	1	1	1	1	0	1	0	1	0	1	1	1	
PIEmff4	17	1	1	0	1	1	1	1	0	0	1	1	0	1	1	1	0	1	0	1	0	1	1	0	1	0	1	1	1	0	0	1	1	1	1	1	1	1	1	1	0	0	1	0	1	0	1	0	1	0	0	1	1	0	1	1	0	1	1	1	1	1	1	0	1	1	0	1	1	1	1	1	1	1	1	1	0	1	0	1	1	1	1	1	
PIEmff5	17	1	1	0	1	0	1	1	0	0	0	1	0	1	1	1	0	0	0	1	0	1	1	0	0	0	1	1	1	0	1	1	1	1	1	0	1	0	1	1	0	0	1	0	1	0	1	0	1	1	0	1	1	0	1	1	0	1	1	1	1	1	1	0	1	1	0	1	1	1	1	1	1	0	1	1	0	1	0	1	1	1	1	1	
SANmff10	18	1	1	0	1	0	1	1	0	0	0	1	0	1	1	1	0	1	0	1	0	1	1	0	0	0	1	1	1	0	0	1	1	1	1	0	1	1	1	1	0	0	0	0	1	0	1	1	1	1	0	1	1	0	1	1	0	1	1	1	1	1	1	0	1	1	0	1	1	1	0	1	1	1	1	1	0	1	0	1	1	1	1	1	
SANmff11	18	1	1	0	1	0	1	1	0	0	0	1	0	1	1	1	0	1	0	1	0	1	1	0	0	0	1	1	1	0	0	1	1	1	1	1	1	1	1	1	0	0	1	0	1	0	1	0	1	0	0	1	1	0	1	1	1	1	1	1	1	1	1	0	1	1	0	1	1	1	1	1	1	1	1	1	0	1	0	1	1	1	1	1	
SANmff12	18	1	1	0	1	0	1	1	0	0	0	1	0	1	1	1	0	1	0	1	0	1	1	0	0	0	1	1	1	0	0	1	1	1	1	0	1	1	1	1	0	0	1	0	1	0	1	0	0	0	0	1	1	1	0	1	0	1	1	1	1	1	1	0	1	1	0	1	1	1	1	1	1	0	1	1	0	1	0	1	1	1	1	0	
SANmfm7	18	1	1	0	1	0	1	1	0	0	0	1	0	1	1	1	0	1	0	1	0	1	1	0	0	0	1	1	1	0	0	1	1	1	1	0	1	1	1	1	0	0	1	0	1	0	1	1	1	0	0	1	1	0	1	1	1	1	1	1	1	1	1	0	1	1	0	1	1	1	1	1	1	1	1	1	1	1	0	1	1	1	1	1	
SANmfm8	18	1	1	0	1	0	1	1	0	0	0	1	0	1	1	1	0	1	0	1	0	1	0	0	0	0	1	1	1	0	0	1	1	1	1	0	1	1	1	1	0	0	1	0	1	0	1	1	1	1	0	1	1	0	1	1	0	1	1	1	1	1	1	0	1	1	0	1	1	1	1	1	1	1	1	1	0	1	0	1	1	1	1	1	
SONmff1	19	1	1	0	1	0	1	1	0	0	0	1	0	1	1	1	0	1	1	1	0	1	1	0	0	0	1	1	1	0	0	1	1	1	1	0	1	1	1	1	0	0	1	0	1	0	1	1	1	0	0	1	1	0	1	0	0	1	1	1	1	1	1	0	1	1	0	1	1	1	1	1	1	0	1	1	0	1	0	1	1	1	1	1	
SONmff2	19	1	1	0	1	0	1	1	0	0	0	1	0	1	1	1	0	1	0	0	0	1	1	0	0	0	1	0	1	0	0	1	1	1	1	0	1	1	1	1	0	0	1	0	1	0	1	0	1	1	0	1	1	0	1	1	0	1	1	1	1	1	1	0	1	1	0	1	1	1	1	1	1	0	1	1	0	1	0	1	1	1	1	1	
SONmfm1	19	1	1	0	1	0	1	1	0	0	0	1	0	1	1	1	0	1	0	1	0	1	1	0	0	0	1	1	1	0	0	1	1	1	1	1	1	1	1	1	0	0	1	1	1	0	1	0	1	0	0	1	1	0	1	1	0	1	1	1	1	1	1	0	1	1	0	1	1	1	1	1	1	0	1	1	0	1	0	1	1	1	1	1	
SONmfm2b	19	1	1	0	1	0	1	1	0	0	0	1	0	1	1	1	0	1	0	1	0	1	1	0	0	0	1	1	1	0	0	1	1	1	1	1	1	1	1	1	0	0	1	0	1	0	1	1	1	1	0	1	1	1	0	1	1	1	1	1	1	1	1	0	1	1	0	1	1	1	0	1	1	1	1	1	0	1	0	0	1	1	1	1	
SUCmff1	20	1	1	0	1	0	1	1	0	0	0	1	0	1	1	1	0	1	0	1	0	1	1	0	0	0	1	1	1	1	0	1	1	1	1	0	1	1	1	1	0	1	0	1	1	0	1	0	0	0	1	1	1	1	0	1	0	1	1	1	1	1	1	0	1	1	0	1	0	1	1	1	1	1	1	1	1	1	1	1	0	1	1	1	
SUCmff2	20	1	1	0	1	0	1	1	0	0	0	1	0	1	1	1	0	1	0	1	0	1	1	0	0	0	0	1	1	0	0	0	1	1	1	0	1	1	1	1	0	0	1	0	1	0	1	0	1	0	1	1	1	0	1	1	0	1	1	1	1	1	1	0	1	1	0	1	1	1	1	1	1	1	1	1	0	1	0	0	0	1	1	1	
SUCmff3	20	1	1	0	1	0	1	1	0	0	0	1	0	1	1	1	0	1	0	1	0	1	1	0	0	0	1	1	1	0	0	1	1	1	1	0	1	1	1	1	0	0	1	1	1	0	1	0	1	0	1	1	1	0	1	1	0	1	1	1	1	1	1	0	1	1	0	1	1	1	1	1	1	1	1	1	0	1	0	1	1	0	1	1	
SUCmff5	20	1	1	0	1	0	1	1	0	0	0	1	0	1	1	1	0	1	0	1	0	1	1	0	0	0	1	1	1	0	0	1	1	1	1	1	1	1	1	1	0	0	1	0	1	0	1	0	0	1	1	1	1	1	0	1	0	1	1	1	1	1	1	0	1	1	0	1	1	0	1	1	1	1	1	1	1	1	0	1	1	1	1	1	
TKImff1	21	1	1	0	1	0	1	1	1	0	0	1	0	1	1	1	0	1	0	1	0	1	1	0	0	0	1	1	1	1	1	1	1	1	1	1	1	1	1	1	0	0	1	0	1	1	0	0	1	0	1	1	1	1	0	1	1	1	1	1	1	1	1	0	1	1	0	0	1	1	1	1	1	1	1	1	1	1	0	1	1	1	1	1	
TROmff2	22	1	1	0	1	0	1	1	0	0	0	1	0	1	1	1	0	1	0	1	0	1	1	0	0	0	1	1	1	1	0	1	1	1	1	1	1	1	1	1	0	0	0	0	1	0	1	0	0	1	1	1	1	1	0	1	0	1	0	1	1	1	1	1	1	1	0	1	1	1	1	1	1	1	1	1	1	1	0	1	0	1	1	1	
TROmff3	22	1	1	0	1	0	1	1	0	0	0	1	0	1	1	1	0	1	0	1	0	1	1	0	1	0	1	1	1	0	0	0	1	1	0	1	1	1	1	1	0	0	0	1	1	0	1	0	1	1	1	1	1	1	0	1	0	1	1	1	1	1	1	1	1	1	0	1	1	1	1	1	1	1	1	1	0	1	0	1	1	0	1	1	
TROmfm2	22	1	1	0	1	0	1	1	0	0	1	1	1	1	1	1	0	1	1	0	0	1	1	0	0	0	1	1	1	0	0	1	1	0	1	1	1	1	1	1	0	0	0	0	1	0	1	1	1	0	1	1	1	1	0	1	0	1	1	1	1	1	1	1	1	1	0	1	1	1	1	1	1	1	1	1	0	1	1	0	1	1	1	1	
VAUmff1b	23	1	1	1	1	0	1	1	0	0	0	1	0	1	1	1	0	1	0	1	0	1	1	0	0	0	1	1	1	0	0	1	1	1	1	1	1	1	1	1	0	0	1	0	1	0	1	0	1	0	1	1	1	1	0	1	0	1	1	1	1	1	1	0	1	1	0	1	1	1	1	1	1	1	1	1	1	1	0	1	1	0	1	1	
VAUmff3	23	1	1	0	1	0	1	1	0	0	1	1	0	1	1	1	0	1	0	1	0	1	1	0	0	0	1	1	1	0	0	0	1	1	1	1	1	1	1	1	0	0	0	0	1	0	1	0	1	1	0	1	1	0	1	1	0	1	1	1	1	1	1	0	1	1	0	1	1	1	1	1	1	1	1	1	0	1	0	1	1	1	1	1	
VAUmff4b	23	1	1	0	1	0	1	1	0	0	0	1	0	1	1	1	0	1	0	1	0	1	1	0	0	0	1	1	1	0	0	0	1	1	1	1	1	1	1	1	0	0	0	0	1	0	1	0	1	0	1	1	1	1	0	1	0	1	1	1	1	1	1	0	1	1	0	0	1	0	1	1	1	1	1	1	0	1	0	1	1	1	1	1	
VAUmff5	23	1	1	0	1	0	1	1	0	0	0	1	0	1	1	1	0	1	1	1	0	1	1	0	0	0	1	1	1	1	0	1	1	1	1	1	1	1	1	1	0	1	0	0	1	0	1	0	1	0	1	1	1	1	0	1	0	1	1	1	1	1	1	1	1	1	0	1	1	1	1	1	1	1	1	1	0	1	0	1	1	1	1	1	
