yudata total ssrdata																																						
449	21		7	2	2																																	
Da																																						
Ning																																						
Ding																																						
Wan																																						
VH																																						
CP																																						
NP																																						
MH																																						
ML																																						
Tai																																						
CS																																						
TNP																																						
KT																																						
DAL																																						
HB																																						
Wu																																						
CH																																						
ST																																						
SNP																																						
CI																																						
JA																																						
SITE	CODE	SSR01(F38)		SSR02(F411)		SSR03(F398)		SSR04(F436)		SSR05(FH3)		SSR06(FH10)		SSR07(FH47)																								
1	DP1	19	19	31	34	33	35	15	19	7	10	19	23	1	7																							
1	DP2	35	35	31	34	23	29	0	0	10	16	21	21	7	10																							
1	DP3	5	7	31	34	25	27	0	0	7	10	23	31	7	10																							
1	DP4	5	5	34	37	33	33	0	0	13	16	21	31	13	16																							
1	DP5	13	17	28	31	27	29	0	0	10	16	31	33	7	13																							
1	DP6	15	25	34	37	19	19	0	0	16	19	23	31	10	13																							
1	DP7	15	17	13	31	23	27	19	19	10	16	31	33	10	16																							
1	DP8	17	17	28	34	23	33	0	0	10	16	21	31	13	16																							
2	ND1	11	11	31	34	23	27	0	0	10	16	23	29	13	13																							
2	ND2	11	11	0	0	0	0	0	0	10	13	23	31	10	19																							
2	ND3	0	0	0	0	0	0	0	0	13	16	0	0	16	16																							
2	ND4	11	17	31	34	25	27	0	0	13	16	13	17	16	16																							
2	ND5	11	27	31	297	23	29	0	0	16	19	15	21	4	7																							
2	ND6	11	17	31	34	0	0	0	0	13	16	17	21	10	10																							
2	ND7	0	0	34	37	0	0	0	0	10	10	15	21	10	13																							
2	ND8	15	15	37	40	0	0	0	0	10	16	15	25	10	13																							
2	ND9	0	0	34	37	23	23	9	15	10	16	15	21	10	13																							
2	ND10	21	41	37	40	27	29	0	0	10	16	21	23	0	0																							
2	ND11	0	0	34	37	0	0	0	0	7	13	0	0	0	0																							
2	ND-21	9	11	28	34	31	33	20	20	16	19	13	21	16	19																							
2	ND-22	15	17	19	22	23	29	20	20	10	10	23	31	13	13																							
2	ND-23	11	13	34	34	0	0	0	0	10	16	19	21	7	13																							
2	ND-24	25	25	34	34	29	35	20	27	10	10	23	25	13	19																							
2	ND-25	1	3	31	34	0	0	0	0	7	10	19	21	7	13																							
2	ND-26	19	25	31	37	23	27	19	31	7	16	19	23	13	13																							
2	ND-27	11	13	22	43	0	0	20	20	4	19	21	23	13	13																							
2	ND-28	13	17	22	37	27	33	20	25	16	16	17	19	7	13																							
3	DA1	33	33	19	34	17	19	0	0	10	10	35	37	13	13																							
3	DA2	11	25	31	34	31	31	19	19	7	10	21	21	7	10																							
3	DA3	25	37	31	37	31	31	0	0	7	10	21	29	7	10																							
3	DA4	35	39	31	34	27	33	13	17	10	16	15	21	10	13																							
3	DA5	33	57	25	31	17	17	0	0	10	10	21	37	10	13																							
3	DA6	11	19	31	34	29	29	15	15	10	16	15	21	10	13																							
3	DA7	11	37	28	34	31	33	17	19	7	10	25	29	10	13																							
3	DA8	33	33	25	31	19	19	0	0	10	10	37	55	7	13																							
3	DA9	27	35	34	34	23	33	0	0	10	10	21	21	10	13																							
3	DA10	33	33	25	31	19	19	0	0	10	13	37	55	13	13																							
3	DA11	11	19	22	34	31	41	20	25	10	25	21	23	10	16																							
3	DA12	11	19	28	34	19	19	13	15	10	25	21	25	10	16																							
3	DA13	11	27	31	34	33	33	11	15	7	19	21	21	10	13																							
3	DA14	11	11	28	37	49	49	0	0	7	10	21	29	7	13																							
3	DA15	11	19	10	31	47	47	0	0	7	10	21	29	7	13																							
3	DA16	11	13	31	34	25	33	0	0	7	7	21	29	7	10																							
3	DA17	13	45	28	34	19	19	0	0	7	10	15	21	10	16																							
3	DA18	19	33	16	40	0	0	0	0	10	10	15	21	10	13																							
3	DA19	11	39	31	31	0	0	15	15	10	13	15	21	7	10																							
3	DA20	11	19	22	34	0	0	0	0	7	10	21	25	10	16																							
3	DA21	11	19	10	31	0	0	15	17	7	10	21	29	7	13																							
3	DA22	33	33	13	34	0	0	0	0	10	16	15	21	7	10																							
3	DA23	11	19	10	31	0	0	0	0	10	10	21	31	10	13																							
3	DA24	11	19	10	31	0	0	0	0	7	10	21	29	7	13																							
4	WN1	37	47	31	34	31	33	19	25	7	10	21	31	7	10																							
4	WN2	11	33	31	34	31	31	17	20	10	19	21	21	10	16																							
4	WN3	15	47	31	34	29	31	17	17	10	10	21	29	13	16																							
4	WN4	13	39	31	31	23	33	17	19	7	10	31	31	7	13																							
4	WN5	37	47	31	34	31	33	19	25	7	10	21	31	7	10																							
4	WN6	31	41	28	34	31	45	17	19	10	22	29	29	7	10																							
4	WN7	3	11	28	31	31	31	15	19	7	10	25	31	10	13																							
4	WN8	13	43	28	34	31	31	23	25	10	10	21	21	10	16																							
4	WN9	39	61	28	34	25	25	20	25	1	10	21	31	7	10																							
4	WN10	11	21	34	37	31	33	19	23	1	10	21	31	7	13																							
4	WN11	39	41	34	37	33	45	19	25	10	10	21	21	10	13																							
4	WN12	35	47	34	34	23	31	20	25	10	10	21	21	10	16																							
4	WN13	0	0	28	34	31	31	20	23	1	16	21	21	10	13																							
4	WN14	15	35	25	34	23	33	25	25	10	25	21	29	7	16																							
4	WN15	13	13	31	31	47	47	19	19	25	25	31	31	13	13																							
4	WN16	37	39	28	31	31	31	19	19	10	10	29	29	10	13																							
4	WN17	39	61	34	37	31	47	20	25	1	10	21	21	10	10																							
4	WN18	11	37	31	34	31	31	17	19	7	13	21	31	10	10																							
4	WN19	19	19	28	34	31	45	19	20	10	10	21	21	13	16																							
4	WN20	11	11	28	34	31	31	20	23	16	16	21	21	10	13																							
4	WN21	13	43	28	34	31	31	23	25	10	25	21	21	10	16																							
4	WN22	11	39	31	34	45	45	17	23	10	10	21	21	10	13																							
4	WN23	11	27	28	34	25	45	19	23	10	16	25	25	7	10																							
4	WN24	11	33	31	34	31	31	17	20	10	19	21	21	10	16																							
4	WN25	0	0	0	0	0	0	19	19	7	10	25	31	10	13																							
5	YY1	21	21	31	34	0	0	19	20	10	10	21	21	10	13																							
5	YY2	0	0	31	34	23	23	20	20	0	0	0	0	0	0																							
5	YY3	0	0	7	34	23	39	19	20	0	0	0	0	0	0																							
5	YY4	0	0	28	31	0	0	19	23	10	10	21	31	13	16																							
5	YY5	0	0	34	37	25	25	20	23	0	0	0	0	0	0																							
5	YY6	0	0	22	40	0	0	0	0	0	0	0	0	0	0																							
5	YY7	0	0	34	40	23	23	0	0	0	0	0	0	0	0																							
5	YY8	0	0	22	34	23	23	0	0	0	0	0	0	0	0																							
5	YY9	9	9	34	40	31	31	15	25	10	10	21	35	13	16																							
5	YY10	15	15	19	34	29	29	20	25	10	16	21	31	13	22																							
5	YY11	3	9	25	28	27	27	17	23	10	10	21	27	10	10																							
5	YY12	0	0	31	34	23	23	0	0	0	0	0	0	0	0																							
5	YY13	0	0	31	46	19	27	25	25	10	10	37	37	13	13																							
5	YY14	0	0	10	37	23	23	0	0	0	0	0	0	0	0																							
5	YY15	0	0	28	31	25	25	0	0	0	0	0	0	0	0																							
5	YY16	0	0	22	28	31	31	15	17	7	10	27	27	16	19																							
5	YY19	0	0	25	37	23	23	19	23	10	19	15	21	13	19																							
5	YY20	0	0	25	34	27	29	19	19	10	16	27	27	10	13																							
5	YY21	0	0	34	37	31	31	17	27	10	19	25	31	16	19																							
5	YY22	0	0	34	40	21	23	19	29	1	16	25	27	7	13																							
5	YY23	0	0	37	40	25	25	17	20	16	16	19	27	10	13																							
5	YY24	0	0	31	34	25	33	15	20	16	22	21	23	10	13																							
6	YC1	17	21	25	31	33	35	20	29	10	16	27	43	13	19																							
6	YC2	15	23	16	34	25	25	20	25	10	16	21	25	13	16																							
6	YC4	3	11	34	40	23	37	20	20	10	16	19	31	10	13																							
6	YC5	15	15	28	34	39	39	25	25	13	13	27	31	16	19																							
6	YC6	17	17	25	34	29	33	17	19	10	16	25	31	13	19																							
6	YC7	3	3	25	34	31	33	23	27	10	16	31	33	10	13																							
6	YC8	11	15	34	34	19	19	19	20	10	16	23	25	10	16																							
6	YC9	15	15	31	34	31	33	20	20	16	16	21	31	16	19																							
6	YC10	9	17	34	34	33	33	17	23	10	10	25	49	13	16																							
6	YC11	11	19	10	34	23	31	19	20	16	19	27	31	13	16																							
6	YC12	3	3	16	31	31	33	19	23	10	10	21	31	10	13																							
6	YC13	21	21	31	34	39	39	20	20	10	16	21	27	13	22																							
6	YC14	0	0	28	34	31	33	17	20	10	19	21	27	16	19																							
6	YC15	0	0	34	34	31	35	20	25	10	16	25	25	10	13																							
6	YC16	0	0	28	34	25	25	19	27	10	10	9	23	10	13																							
6	YC17	0	0	31	34	33	33	20	20	10	10	31	33	13	16																							
6	YC18	0	0	31	40	39	39	19	20	10	19	23	31	10	13																							
6	YC20	0	0	25	28	31	41	17	20	10	16	21	25	7	13																							
6	YC21	15	17	28	34	31	33	20	20	1	10	21	31	13	13																							
6	YC22	3	37	10	34	29	33	17	20	10	19	25	27	13	16																							
6	YC23	15	15	34	37	25	25	1	17	16	19	31	31	16	19																							
6	YC24	15	15	31	34	29	31	23	31	19	19	21	25	10	13																							
7	YF1	15	15	19	34	29	33	19	27	10	16	23	31	7	10																							
7	YF3	77	77	34	52	3	3	20	23	10	10	45	51	7	19																							
7	YF4	23	23	31	34	33	33	5	20	10	19	27	31	10	10																							
7	YF5	15	19	31	37	33	33	27	27	10	19	23	23	13	13																							
7	YF6	23	23	25	28	23	23	25	29	10	10	23	23	16	25																							
7	YF7	11	13	46	49	3	7	23	23	7	13	45	51	7	19																							
7	YF8	9	11	16	40	3	3	20	23	10	10	45	51	7	19																							
7	YF9	23	23	25	28	0	0	17	23	10	16	23	31	7	10																							
7	YF10	67	67	31	34	1	1	19	23	10	10	45	63	7	19																							
7	YF11	15	19	31	31	31	31	27	27	10	19	23	23	13	13																							
7	YF12	13	13	13	34	45	45	15	17	10	10	29	31	19	19																							
7	YF13	19	23	22	34	0	0	19	23	10	10	45	63	7	7																							
7	YF14	11	43	31	34	25	29	20	20	16	19	21	31	10	10																							
7	YF15	15	21	28	31	25	27	19	23	10	16	21	23	7	13																							
7	YF16	67	79	25	34	23	27	19	23	10	10	45	63	7	7																							
7	YF17	9	9	31	37	33	33	20	20	10	10	23	23	10	10																							
7	YF18	23	23	31	34	33	33	5	20	10	19	27	31	10	10																							
7	YF19	67	77	19	31	3	3	19	23	10	10	63	63	7	7																							
7	YF20	23	35	22	31	25	31	5	17	10	25	23	27	10	13																							
8	MH1	0	0	34	37	0	0	0	0	7	13	21	23	13	16																							
8	MH2	0	0	31	34	29	39	19	23	4	10	15	25	10	16																							
8	MH3	11	17	28	31	0	0	23	23	10	10	21	23	13	16																							
8	MH4	11	31	28	28	25	25	0	0	10	10	23	25	10	19																							
8	MH5	11	15	28	31	0	0	19	31	7	10	23	27	13	16																							
8	MH6	33	43	28	34	31	33	0	0	7	10	23	25	13	19																							
8	MH7	27	27	34	34	39	39	0	0	7	16	15	21	10	16																							
8	MH8	25	29	31	34	23	25	0	0	7	10	21	25	13	19																							
8	MH9	17	226	0	0	0	0	0	0	7	10	0	0	13	22																							
8	MH10	7	17	28	34	0	0	0	0	4	7	0	0	13	22																							
8	MH11	19	19	34	37	0	0	0	0	7	10	0	0	13	22																							
8	MH12	13	19	34	37	0	0	0	0	7	16	0	0	16	22																							
8	MH13	13	27	31	34	23	23	0	0	16	19	23	23	10	13																							
8	MH14	13	13	31	34	23	25	0	0	10	19	15	23	10	13																							
8	MH15	39	47	31	34	29	29	5	13	10	10	15	25	10	13																							
8	MH16	9	9	31	34	0	0	0	0	10	10	21	23	13	16																							
8	MH17	45	47	28	34	23	23	0	0	16	19	21	23	7	13																							
8	MH18	27	43	25	34	23	25	0	0	10	16	21	23	13	19																							
8	MH19	23	27	34	37	25	25	0	0	10	16	21	31	19	19																							
8	MH20	19	19	31	34	23	23	19	29	13	16	0	0	7	13																							
8	MH21	13	13	28	34	23	23	0	0	10	16	23	23	10	13																							
8	MH22	19	27	31	34	0	0	0	0	19	19	25	25	13	13																							
8	MH23	9	27	28	34	29	39	0	0	10	16	21	23	16	16																							
8	MH24	23	27	28	34	23	33	17	19	10	16	23	23	7	13																							
9	ML1	23	31	31	34	39	39	19	19	10	16	21	25	10	10																							
9	ML2	9	9	31	37	29	33	20	23	10	10	21	25	10	16																							
9	ML3	13	25	28	37	29	29	19	23	10	10	21	23	10	13																							
9	ML4	23	29	28	31	15	31	19	20	10	16	21	27	10	19																							
9	ML5	9	13	31	34	23	23	9	19	10	10	23	25	13	16																							
9	ML6	13	25	37	40	0	0	0	0	10	10	23	23	13	16																							
9	ML7	9	9	25	37	0	0	0	0	10	10	23	25	7	13																							
9	ML8	13	13	25	34	0	0	0	0	16	19	21	21	10	13																							
9	ML9	31	226	25	34	35	35	20	20	10	16	21	27	7	13																							
9	ML10	13	31	31	34	0	0	0	0	10	19	15	23	13	16																							
9	ML11	13	25	31	34	29	41	0	0	10	19	21	21	10	16																							
9	ML12	9	25	34	40	29	31	0	0	10	10	21	23	10	16																							
9	MLA	11	19	25	31	25	27	0	0	16	22	25	25	13	19																							
9	MLB	13	27	28	31	29	29	19	25	10	19	0	0	13	19																							
9	MLC	19	19	25	31	33	33	15	19	19	22	0	0	10	16																							
10	T51	11	17	34	34	31	33	25	25	1	10	23	31	4	16																							
10	T52	13	27	28	31	39	41	27	27	19	19	21	23	13	13																							
10	T53	25	31	19	31	0	0	27	29	10	10	0	0	13	13																							
10	T54	9	35	28	34	31	33	19	29	10	10	0	0	10	19																							
10	T55	13	13	31	34	15	41	20	27	10	19	23	27	13	16																							
10	T56	13	31	25	34	23	29	25	25	10	19	23	25	16	19																							
10	T57	13	13	31	34	0	0	19	27	10	19	23	27	13	16																							
10	T58	31	31	31	31	31	31	20	27	7	10	0	0	10	13																							
10	T59	13	27	34	37	31	31	9	27	10	16	21	23	10	13																							
10	T510	13	17	31	37	27	29	9	17	10	10	0	0	10	16																							
10	T511	9	9	31	34	31	39	20	27	10	19	23	25	16	25																							
10	T512	9	9	31	37	31	33	20	27	10	16	0	0	10	13																							
10	T513	3	3	25	28	47	49	19	25	10	16	27	29	10	13																							
10	T514	9	31	31	37	23	29	20	25	19	19	23	23	16	16																							
10	T515	9	15	0	0	25	27	0	0	13	19	0	0	10	13																							
10	T516	9	31	31	37	23	29	20	25	19	19	23	23	16	16																							
10	T517	9	29	31	37	21	25	19	25	19	19	0	0	16	16																							
11	T21	23	37	31	37	29	41	17	17	10	19	21	23	7	10																							
11	T22	15	29	34	40	35	37	23	25	10	10	15	21	10	13																							
11	T23	9	31	37	43	0	0	25	25	10	19	21	23	7	10																							
11	T24	9	13	28	37	23	31	19	19	10	19	15	21	10	13																							
11	T25	23	29	34	34	15	39	23	25	10	10	21	23	13	19																							
11	T26	9	23	34	37	0	0	19	19	10	16	15	23	10	16																							
11	T27	9	9	28	37	0	0	29	29	10	16	15	21	10	13																							
11	T28	7	13	31	34	31	31	19	20	10	16	15	21	10	13																							
11	T29	13	31	28	31	37	39	20	20	10	10	25	31	10	13																							
11	T210	13	35	31	37	39	39	20	27	10	10	21	23	7	16																							
11	T211	9	9	31	37	15	25	27	29	10	19	15	21	10	13																							
11	T213	3	27	34	37	41	41	19	25	10	10	21	31	10	13																							
11	T214	7	7	31	34	21	27	17	19	10	19	15	21	7	10																							
11	T215	31	35	28	31	0	0	19	20	10	10	15	21	10	13																							
11	T216	37	49	28	31	37	37	20	25	10	10	21	23	7	19																							
11	T217	11	19	31	34	0	0	19	19	10	19	15	21	13	19																							
11	T218	9	9	31	40	0	0	19	23	10	10	15	21	10	13																							
11	T219	9	37	28	37	31	33	29	29	10	10	23	25	10	13																							
11	T220	25	27	34	37	27	29	25	31	10	10	21	23	10	13																							
11	T221	11	17	28	34	0	0	0	0	7	10	19	23	13	19																							
11	T222	13	25	34	37	27	29	23	23	10	19	21	25	10	13																							
11	T223	11	17	31	31	0	0	17	17	10	10	21	23	13	19																							
11	T224	9	29	31	31	37	37	20	23	10	10	21	23	13	19																							
12	T12	25	43	31	34	15	29	25	25	0	0	0	0	7	13																							
12	T13	31	37	25	31	29	29	23	25	0	0	0	0	13	13																							
12	T14	25	35	31	31	25	29	23	25	0	0	0	0	4	10																							
12	T15	19	27	31	31	25	39	23	25	0	0	0	0	19	19																							
12	T16	27	35	28	37	39	39	23	25	16	19	15	23	10	13																							
12	T17	29	37	25	31	29	29	19	23	10	19	15	23	7	13																							
12	T18	19	29	31	34	23	39	19	23	10	22	15	23	10	13																							
12	T19	35	35	28	37	31	31	19	25	10	16	15	23	10	13																							
12	T110	25	37	37	37	29	29	23	25	10	19	15	21	13	19																							
12	T111	19	27	31	31	25	39	20	20	16	19	25	35	7	19																							
12	T112	19	19	31	31	35	35	20	25	16	19	15	23	10	13																							
12	T113	29	41	34	34	35	35	20	20	10	16	25	31	13	19																							
12	T114	37	45	31	34	29	41	20	25	10	16	23	27	10	13																							
12	T115	23	31	34	37	31	31	19	25	10	19	15	25	10	10																							
12	T116	23	23	31	34	0	0	19	23	16	19	15	21	10	13																							
12	T117	19	37	28	37	27	39	23	23	16	19	23	31	13	19																							
12	T118	19	35	31	37	29	39	25	25	10	19	15	23	10	13																							
12	T119	19	41	25	31	23	23	25	25	10	10	15	23	7	13																							
12	T120	9	19	31	31	29	31	29	29	10	10	15	23	10	13																							
12	T121	29	35	31	31	39	39	19	25	10	16	15	23	7	13																							
12	T122	27	31	31	31	31	35	19	23	10	19	15	23	13	19																							
12	T1h1	19	35	31	37	23	23	25	25	10	10	15	23	13	19																							
12	T1h2	25	33	31	37	29	29	19	23	10	16	23	31	7	10																							
12	T1h3	19	29	31	37	15	29	23	25	10	19	15	23	10	13																							
12	T1h4	19	33	31	31	25	31	23	29	13	13	0	0	7	13																							
12	T1h5	19	31	31	37	29	29	19	25	13	25	21	21	7	13																							
13	YK661	9	9	25	34	23	33	19	19	7	19	25	25	13	13																							
13	YK662	9	21	22	25	23	33	19	25	16	19	23	25	13	19																							
13	YK663	9	19	25	34	23	27	25	25	10	19	23	25	13	13																							
13	YK664	9	9	25	34	25	35	15	23	0	0	23	25	10	13																							
13	YK671	7	7	25	31	27	29	0	0	10	13	19	29	10	13																							
13	YK672	9	9	28	34	25	33	19	25	10	19	25	25	10	13																							
13	YK681	9	9	28	34	25	33	19	25	10	19	25	25	10	13																							
13	YK682	9	19	31	34	31	33	0	0	1	10	19	21	10	13																							
13	YK684	9	19	0	0	0	0	0	0	16	19	0	0	0	0																							
13	YK470	9	11	28	34	27	35	19	23	19	19	23	27	7	13																							
13	YK471	9	9	28	31	23	33	19	23	7	10	23	27	16	16																							
13	YK472	9	19	16	25	13	33	19	25	19	19	23	23	10	10																							
13	YK473	5	5	25	31	0	0	0	0	16	19	29	31	10	16																							
13	YK474	15	25	0	0	0	0	0	0	10	16	23	27	10	16																							
13	YK475	17	25	0	0	0	0	0	0	7	10	19	29	10	13																							
14	YL1	9	9	25	31	25	49	20	33	10	16	21	25	13	16																							
14	YL3	7	43	25	46	33	33	27	33	10	10	25	25	13	13																							
14	YL4	7	9	19	34	23	29	25	35	7	19	23	23	13	13																							
14	YL5	7	7	16	25	23	27	23	23	19	19	23	25	13	13																							
14	YL6	7	9	22	28	23	33	23	35	10	19	25	25	13	13																							
14	YL7	9	9	25	31	25	49	20	20	19	19	21	25	13	16																							
14	YL8	9	9	28	31	25	33	20	23	19	19	25	25	13	16																							
14	YL9	9	41	19	40	23	29	29	31	10	22	23	23	13	13																							
14	YL10	9	31	25	34	29	33	19	19	19	19	25	25	13	16																							
14	YL11	9	9	28	40	25	25	19	25	19	19	25	27	13	13																							
14	YL12	7	41	25	37	23	25	20	29	10	19	23	31	10	16																							
14	YL13	7	9	19	40	25	27	17	19	10	19	23	25	10	16																							
14	YL14	7	9	25	34	25	33	25	33	10	10	23	35	13	16																							
14	YL15	9	9	34	46	23	33	20	35	16	19	23	23	13	13																							
14	YL16	9	9	28	34	25	37	23	25	10	19	25	25	13	13																							
14	YL17	9	9	34	37	25	35	7	17	19	22	25	27	10	16																							
14	YL18	7	9	31	40	25	27	17	19	10	19	23	25	10	16																							
14	YL19	9	9	34	37	25	35	7	17	19	22	25	27	10	16																							
14	YL20	7	7	31	40	37	37	19	29	10	19	23	25	13	13																							
14	YL21	9	9	25	31	25	49	20	33	19	19	21	25	13	16																							
14	YL22	9	9	25	31	25	49	20	33	19	19	21	25	13	16																							
14	YL23	9	9	25	31	25	49	20	33	19	19	21	25	13	16																							
14	YL24	7	7	25	28	25	49	23	23	10	19	25	27	13	13																							
15	YH1	9	9	28	34	25	31	0	0	10	10	21	25	13	13																							
15	YH2	9	9	34	40	25	27	19	19	13	16	25	27	13	13																							
15	YH3	9	9	28	34	23	33	23	25	10	16	21	23	13	13																							
15	YH4	9	9	28	34	27	31	0	0	10	10	25	25	13	13																							
15	YH5	9	15	34	34	27	35	23	23	16	16	25	25	13	13																							
15	YH6	9	9	28	34	35	37	25	25	10	19	25	27	13	13																							
15	YH7	0	0	28	37	23	25	20	31	10	16	25	25	13	13																							
15	YH8	0	0	28	40	25	31	20	29	10	19	25	25	10	13																							
15	YH9	0	0	31	34	0	0	0	0	10	13	19	23	4	7																							
15	YH10	0	0	25	34	25	35	23	33	10	10	23	25	13	13																							
15	YH11	0	0	31	34	25	31	25	25	10	19	23	25	7	13																							
15	YH12	0	0	31	34	25	31	25	35	10	19	23	25	13	13																							
15	YH13	0	0	34	34	25	25	20	31	10	19	25	27	13	13																							
15	YH14	0	0	28	34	25	37	33	35	10	10	25	25	13	13																							
15	YH15	0	0	25	34	25	29	20	25	10	19	25	25	10	13																							
15	YH16	0	0	25	34	25	27	23	23	10	16	25	27	13	13																							
15	YH17	0	0	34	40	23	33	23	25	10	10	21	23	13	16																							
15	YH18	0	0	34	37	29	31	20	31	16	25	25	27	13	13																							
15	YH19	0	0	31	40	1	1	20	31	10	10	23	25	13	13																							
15	YH20	0	0	31	40	0	0	23	31	10	19	25	25	10	16																							
15	YH21	0	0	28	31	0	0	19	20	10	10	25	25	10	13																							
15	YH22	0	0	28	34	0	0	19	20	10	10	25	25	13	16																							
15	YH23	0	0	31	40	33	33	23	25	10	10	25	25	13	13																							
15	YH24	9	17	25	34	35	37	19	23	10	19	21	25	13	13																							
16	T13-1	9	13	34	34	0	0	20	29	10	19	23	25	13	16																							
16	T13-2	7	9	31	37	0	0	19	29	10	19	23	27	7	10																							
16	T13-3	9	19	34	40	0	0	19	23	13	19	25	27	13	16																							
16	T13-4	11	15	40	40	33	35	19	20	7	10	23	25	13	13																							
16	T13-5	7	9	40	40	0	0	20	23	19	19	25	27	10	13																							
16	T13-6	7	9	34	34	25	27	20	29	10	19	23	25	13	16																							
16	T13-7	13	15	34	34	33	35	20	27	16	19	23	27	10	13																							
16	T13-8	11	15	34	34	25	33	20	27	10	19	23	25	10	13																							
16	T13-9	7	9	34	34	23	25	20	29	19	19	23	23	10	16																							
16	T13-10	7	9	16	25	33	35	19	23	10	19	25	25	10	13																							
16	T13-11	7	9	34	34	35	39	20	27	7	19	23	25	10	13																							
16	T13-12	9	9	25	40	25	35	23	20	16	19	23	25	10	16																							
16	T13-13	9	13	34	34	25	29	19	27	10	16	23	25	13	13																							
16	T13-14	7	9	34	34	23	27	33	27	16	19	23	23	7	16																							
16	T13-15	9	11	25	31	25	35	20	20	4	10	23	23	16	19																							
16	T13-16	9	13	34	34	33	35	19	27	16	19	23	25	13	13																							
16	T13-17	11	13	25	31	29	33	20	20	4	10	23	23	13	13																							
16	T13-18	9	9	31	31	25	37	23	25	10	19	23	27	13	13																							
16	T13-19	3	11	34	34	23	27	27	31	16	19	23	31	13	16																							
16	T13-20	9	11	34	34	23	23	15	15	10	16	23	25	13	16																							
16	T13-21	3	9	31	34	35	41	17	31	16	19	23	25	13	16																							
16	T13-22	9	13	34	40	33	35	23	27	10	19	23	25	13	16																							
16	T13-23	9	25	34	34	25	29	25	31	16	19	23	25	10	13																							
16	T13-24	9	19	25	34	37	37	20	23	4	19	23	25	13	13																							
17	T10-1	9	27	22	40	31	35	17	29	16	19	25	25	10	13																							
17	T10-2	7	9	40	40	33	35	17	27	16	19	25	25	13	13																							
17	T10-3	9	25	19	37	0	0	0	0	10	19	19	21	7	13																							
17	T10-4	7	9	34	34	0	0	0	0	19	19	19	23	10	13																							
17	T10-5	9	11	25	34	33	35	25	25	19	19	23	31	13	13																							
17	T10-6	11	13	28	37	27	33	19	29	19	19	25	25	10	10																							
17	T10-7	7	9	19	31	0	0	19	19	19	19	25	25	10	13																							
17	T10-8	7	9	34	34	31	33	20	20	19	19	25	25	10	13																							
17	T10-9	7	9	25	25	35	35	23	29	16	19	25	25	10	13																							
17	T10-10	7	9	34	34	0	0	19	20	16	19	25	27	10	13																							
17	T10-11	9	13	34	34	0	0	17	17	19	19	25	25	13	16																							
17	T10-12	7	9	28	28	0	0	17	17	19	19	25	25	13	13																							
17	T10-13	7	9	34	34	0	0	17	27	16	19	13	25	13	13																							
17	T10-14	9	11	34	34	0	0	17	23	16	19	13	25	13	13																							
17	T10-15	9	11	28	34	0	0	27	27	7	10	25	25	10	13																							
17	T10-16	9	13	0	0	0	0	20	20	10	19	13	21	10	16																							
17	T10-17	7	9	22	22	0	0	17	27	10	19	19	25	13	16																							
17	T10-18	11	15	37	40	0	0	0	0	19	25	21	27	10	13																							
17	T10-19	9	9	22	28	0	0	19	0	19	19	19	25	10	16																							
17	T10-20	7	9	34	40	0	0	17	27	10	19	25	27	10	16																							
17	T10-21	7	9	46	46	0	0	27	25	19	19	25	25	13	16																							
17	T10-22	9	11	34	34	0	0	27	27	19	19	25	25	13	13																							
17	T10-23	7	9	25	31	0	0	17	35	19	19	23	25	13	13																							
17	T10-24	9	13	25	25	0	0	17	29	16	19	25	25	16	16																							
18	T7-1	43	47	25	25	27	27	20	25	16	16	23	23	10	19																							
18	T7-2	35	41	22	25	27	27	20	29	16	19	23	25	10	10																							
18	T7-3	7	9	25	40	27	27	25	27	16	19	23	27	10	10																							
18	T7-4	41	43	40	40	27	27	25	25	10	16	23	23	10	13																							
18	T7-5	43	49	25	40	27	27	15	15	16	19	23	25	10	19																							
18	T7-6	25	47	19	37	27	27	23	37	16	19	23	23	10	10																							
18	T7-7	7	9	40	40	27	27	15	17	16	16	23	23	10	19																							
18	T7-8	9	11	22	40	27	27	27	29	16	19	23	25	10	19																							
18	T7-9	25	29	40	40	0	0	15	19	10	16	23	23	10	19																							
18	T7-10	41	43	10	40	27	27	19	23	16	19	23	27	19	19																							
18	T7-11	7	9	31	40	27	27	20	23	16	19	25	25	10	10																							
18	T7-12	9	11	34	40	27	27	23	25	16	19	19	23	10	10																							
18	T7-13	45	49	25	37	27	27	27	29	25	28	23	23	10	10																							
18	T7-14	29	35	40	40	27	33	15	20	16	16	23	23	10	10																							
18	T7-15	9	11	25	40	27	27	25	27	16	19	23	23	10	13																							
18	T7-16	47	49	10	40	27	27	20	20	16	19	23	23	10	10																							
18	T7-17	47	49	13	31	27	27	15	17	16	19	23	25	10	10																							
18	T7-18	9	11	22	37	27	27	15	25	19	19	23	23	10	16																							
18	T7-19	9	11	31	34	27	27	15	23	0	0	23	23	10	10																							
18	T7-20	19	27	22	25	27	27	35	37	16	16	23	25	10	10																							
18	T7-21	9	39	22	40	27	27	23	29	19	19	19	23	10	10																							
18	T7-22	45	47	22	25	27	27	25	25	19	22	23	25	13	19																							
18	T7-23	29	35	25	37	27	29	20	25	19	19	23	27	10	10																							
18	T7-24	11	35	40	40	27	27	19	25	16	19	23	23	10	19																							
19	XJP2	17	25	25	34	31	31	17	17	10	10	25	25	10	10																							
19	XJP3	17	19	25	31	31	31	17	20	7	7	23	25	10	10																							
19	XJP4	17	19	25	31	31	33	17	17	7	10	23	27	10	10																							
19	XJP5	19	19	25	28	31	31	17	19	10	10	23	29	10	10																							
19	XJP6	17	17	1	25	31	31	23	29	7	10	23	25	10	10																							
19	XJP7	17	19	25	25	31	33	29	29	7	10	23	31	10	10																							
19	XJP8	17	19	22	31	31	31	17	20	10	10	25	25	10	13																							
19	XJP9	17	35	28	28	31	47	23	25	10	10	25	27	10	13																							
19	XJP10	19	19	7	28	31	31	17	20	7	7	23	25	10	10																							
19	XJP11	19	19	7	28	31	47	20	20	7	10	25	25	10	10																							
19	XJP12	17	19	16	25	17	45	17	19	7	7	29	29	10	10																							
19	XJP13	17	19	7	16	31	53	17	17	7	10	23	29	10	10																							
19	XJP14	17	19	16	28	31	45	17	20	7	10	25	29	10	10																							
19	XJP15	19	35	25	28	31	31	25	29	7	10	25	25	10	10																							
19	XJP16	19	19	22	25	45	47	17	25	7	7	23	25	10	10																							
19	XJP17	19	19	7	25	31	31	17	23	7	10	25	31	10	10																							
19	XJP18	19	19	1	31	31	45	17	27	7	10	25	25	10	10																							
19	XJP19	17	19	1	31	49	49	29	29	7	7	25	25	10	10																							
19	XJP20	19	19	1	31	31	31	29	29	7	10	23	25	10	10																							
19	XJP21	19	19	7	25	31	33	17	17	4	10	23	25	10	10																							
19	XJP22	17	35	28	34	29	31	23	29	7	7	25	25	10	10																							
19	XJP23	19	19	25	34	31	33	17	17	1	10	23	25	10	10																							
19	XJP24	35	35	25	31	31	33	17	20	10	10	23	23	10	13																							
20	I2-1	15 	17 	10	275	33	35	9	9	10	10	13	25	28	31																							
20	I2-2	9 	9 	28	40	25	33	17	27	10	10	29	29	13	13																							
20	I2-3	9 	9 	28	34	25	27	17	27	10	10	25	25	10	10																							
20	I2-4	7 	9 	28	40	25	25	17	17	10	19	25	29	10	10																							
20	I2-5	7 	9 	28	28	25	37	17	19	10	19	25	25	10	10																							
20	I2-6	7 	9 	28	28	25	33	25	27	10	10	25	25	13	13																							
20	I2-7	7 	9 	28	28	25	37	17	19	10	19	25	25	13	13																							
20	I2-8	7 	9 	34	40	31	33	23	25	10	10	25	25	13	13																							
20	I2-9	7 	9 	28	34	25	27	17	27	10	10	13	25	13	13																							
20	I2-10	7 	9 	34	40	27	33	19	20	10	19	1	25	13	13																							
20	I2-11	9 	9 	28	34	25	33	17	25	10	10	25	25	13	13																							
20	I2-12	7 	9 	40	40	25	27	17	20	10	10	25	25	13	22																							
20	I2-13	7 	9 	34	40	25	33	17	27	10	19	25	25	13	13																							
20	I2-14	7 	9 	28	28	25	25	27	27	10	10	25	25	13	13																							
20	I2-15	9 	9 	19	28	25	25	19	20	10	19	25	25	13	13																							
20	I2-16	7 	9 	28	34	25	33	27	27	10	19	23	25	13	13																							
20	I2-17	7 	9 	19	22	25	27	19	25	10	10	1	25	10	10																							
20	I2-18	13 	15 	0	0	19	19	19	19	10	10	53	55	13	13																							
20	I2-19	9 	9 	34	34	25	27	17	17	19	19	13	25	13	13																							
20	I2-20	15 	19 	25	28	33	37	23	31	10	19	15	27	19	22																							
20	I2-21	7 	9 	28	34	25	27	19	29	10	19	25	29	13	13																							
20	I2-22	7 	9 	28	40	25	33	25	29	10	10	25	25	13	13																							
20	I2-23	9 	9 	34	34	25	27	25	27	19	19	13	25	13	13																							
20	I2-24	7 	9 	28	34	25	27	17	29	10	10	25	29	13	13																							
21	I9-1	7	9	19	34	33	37	25	27	10	10	25	29	13	13																							
21	I9-2	7	9	19	19	33	37	25	27	10	10	25	29	10	10																							
21	I9-3	7	9	0	0	25	33	17	25	10	10	25	29	10	10																							
21	I9-4	7	9	19	34	33	37	23	25	10	10	25	29	13	13																							
21	I9-5	7	9	19	34	0	0	17	19	10	10	1	25	13	13																							
21	I9-6	3	7	34	40	23	23	17	27	10	10	23	25	13	13																							
21	I9-7	7	9	34	34	23	33	25	27	10	19	25	29	7	7																							
21	I9-8	5	13	34	34	23	33	25	27	10	19	25	29	13	13																							
21	I9-9	7	9	0	0	33	33	27	27	10	10	25	25	10	10																							
21	I9-10	7	9	13	13	25	27	17	25	10	10	25	25	13	13																							
21	I9-11	7	9	37	37	25	33	25	25	10	10	25	25	13	13																							
21	I9-12	7	9	10	37	25	33	25	25	10	10	25	25	13	13																							
21	I9-13	7	9	40	40	31	33	20	23	10	19	25	25	10	10																							
21	I9-14	7	9	13	13	25	25	23	25	10	19	25	25	10	10																							
21	I9-15	7	9	31	31	27	37	25	27	10	10	25	25	13	13																							
21	I9-16	7	9	34	37	27	27	17	23	10	19	25	25	13	13																							
21	I9-17	7	9	22	31	25	25	19	27	16	19	25	25	10	13																							
21	I9-18	7	9	31	34	33	37	23	25	10	10	25	31	10	16																							
21	I9-19	7	9	13	37	25	27	25	27	10	10	1	25	13	13																							
21	I9-20	7	9	43	43	25	25	19	27	10	19	25	25	10	10																							
21	I9-21	7	9	40	40	27	27	17	23	10	19	25	25	10	10																							
21	I9-22	7	9	31	31	27	33	17	25	10	10	1	25	10	10																							
21	I9-23	7	9	31	31	25	27	17	25	10	10	25	25	10	10																							
21	I9-24	7	9	37	37	25	27	17	25	10	10	25	25	13	13																							
																																						
																																						
																																						
																																						
																																						
																																						
																																						
																																						
																																						
																																						
																																						
																																						
																																						
																																						
																																						
																																						
																																						
																																						
																																						
																																						
																																						
																																						
																																						
																																						
																																						
																																						
																																						
																																						
																																						
																																						
																																						
																																						
																																						
																																						
																																						
																																						
																																						
																																						
																																						
																																						
																																						
																																						
																																						
																																						
																																						
																																						
																																						
																																						
																																						
																																						
																																						
																																						
																																						
																																						
																																						
																																						
																																						
																																						
																																						
																																						
																																						
																																						
																																						
																																						
																																						
																																						
																																						
																																						
																																						
																																						
																																						
																																						
																																						
																																						
																																						
																																						
																																						
																																						
																																						
																																						
																																						
																																						
																																						
																																						
																																						
																																						
																																						
																																						
																																						
																																						
																																						
																																						
																																						
																																						
																																						
																																						
																																						
																																						
																																						
																																						
																																						
																																						
																																						
																																						
																																						
																																						
																																						
																																						
																																						
																																						
																																						
																																						
																																						
																																						
																																						