yudata total ssrdata
449	21	7	2	2
Da
Ning
Ding
Wan
VH
CP
NP
MH
ML
Tai
CS
TNP
KT
DAL
HB
Wu
CH
ST
SNP
CI
JA
Pop	Ind	SSR01(F38)	SSR02(F411)	SSR03(F398)	SSR04(F436)	SSR05(FH3)	SSR06(FH10)	SSR07(FH47)	
1	DP1	1919	3134	3335	1519	0710	1923	0107
1	DP2	3535	3134	2329	00	1016	2121	0710
1	DP3	0507	3134	2527	00	0710	2331	0710
1	DP4	0505	3437	3333	00	1316	2131	1316
1	DP5	1317	2831	2729	00	1016	3133	0713
1	DP6	1525	3437	1919	00	1619	2331	1013
1	DP7	1517	1331	2327	1919	1016	3133	1016
1	DP8	1717	2834	2333	00	1016	2131	1316
2	ND1	1111	3134	2327	00	1016	2329	1313
2	ND2	1111	00	00	00	1013	2331	1019
2	ND3	00	00	00	00	1316	00	1616
2	ND4	1117	3134	2527	00	1316	1317	1616
2	ND5	1127	310	2329	00	1619	1521	0407
2	ND6	1117	3134	00	00	1316	1721	1010
2	ND7	00	3437	00	00	1010	1521	1013
2	ND8	1515	3740	00	00	1016	1525	1013
2	ND9	00	3437	2323	0915	1016	1521	1013
2	ND10	2141	3740	2729	00	1016	2123	00
2	ND11	00	3437	00	00	0713	00	00
2	ND-21	0911	2834	3133	2020	1619	1321	1619
2	ND-22	1517	1922	2329	2020	1010	2331	1313
2	ND-23	1113	3434	00	00	1016	1921	0713
2	ND-24	2525	3434	2935	2027	1010	2325	1319
2	ND-25	0103	3134	00	00	0710	1921	0713
2	ND-26	1925	3137	2327	1931	0716	1923	1313
2	ND-27	1113	2243	00	2020	0419	2123	1313
2	ND-28	1317	2237	2733	2025	1616	1719	0713
3	DA1	3333	1934	1719	00	1010	3537	1313
3	DA2	1125	3134	3131	1919	0710	2121	0710
3	DA3	2537	3137	3131	00	0710	2129	0710
3	DA4	3539	3134	2733	1317	1016	1521	1013
3	DA5	3357	2531	1717	00	1010	2137	1013
3	DA6	1119	3134	2929	1515	1016	1521	1013
3	DA7	1137	2834	3133	1719	0710	2529	1013
3	DA8	3333	2531	1919	00	1010	3755	0713
3	DA9	2735	3434	2333	00	1010	2121	1013
3	DA10	3333	2531	1919	00	1013	3755	1313
3	DA11	1119	2234	3141	2025	1025	2123	1016
3	DA12	1119	2834	1919	1315	1025	2125	1016
3	DA13	1127	3134	3333	1115	0719	2121	1013
3	DA14	1111	2837	4949	00	0710	2129	0713
3	DA15	1119	1031	4747	00	0710	2129	0713
3	DA16	1113	3134	2533	00	0707	2129	0710
3	DA17	1345	2834	1919	00	0710	1521	1016
3	DA18	1933	1640	00	00	1010	1521	1013
3	DA19	1139	3131	00	1515	1013	1521	0710
3	DA20	1119	2234	00	00	0710	2125	1016
3	DA21	1119	1031	00	1517	0710	2129	0713
3	DA22	3333	1334	00	00	1016	1521	0710
3	DA23	1119	1031	00	00	1010	2131	1013
3	DA24	1119	1031	00	00	0710	2129	0713
4	WN1	3747	3134	3133	1925	0710	2131	0710
4	WN2	1133	3134	3131	1720	1019	2121	1016
4	WN3	1547	3134	2931	1717	1010	2129	1316
4	WN4	1339	3131	2333	1719	0710	3131	0713
4	WN5	3747	3134	3133	1925	0710	2131	0710
4	WN6	3141	2834	3145	1719	1022	2929	0710
4	WN7	0311	2831	3131	1519	0710	2531	1013
4	WN8	1343	2834	3131	2325	1010	2121	1016
4	WN9	3961	2834	2525	2025	0110	2131	0710
4	WN10	1121	3437	3133	1923	0110	2131	0713
4	WN11	3941	3437	3345	1925	1010	2121	1013
4	WN12	3547	3434	2331	2025	1010	2121	1016
4	WN13	00	2834	3131	2023	0116	2121	1013
4	WN14	1535	2534	2333	2525	1025	2129	0716
4	WN15	1313	3131	4747	1919	2525	3131	1313
4	WN16	3739	2831	3131	1919	1010	2929	1013
4	WN17	3961	3437	3147	2025	0110	2121	1010
4	WN18	1137	3134	3131	1719	0713	2131	1010
4	WN19	1919	2834	3145	1920	1010	2121	1316
4	WN20	1111	2834	3131	2023	1616	2121	1013
4	WN21	1343	2834	3131	2325	1025	2121	1016
4	WN22	1139	3134	4545	1723	1010	2121	1013
4	WN23	1127	2834	2545	1923	1016	2525	0710
4	WN24	1133	3134	3131	1720	1019	2121	1016
4	WN25	00	00	00	1919	0710	2531	1013
5	YY1	2121	3134	00	1920	1010	2121	1013
5	YY2	00	3134	2323	2020	00	00	00
5	YY3	00	0734	2339	1920	00	00	00
5	YY4	00	2831	00	1923	1010	2131	1316
5	YY5	00	3437	2525	2023	00	00	00
5	YY6	00	2240	00	00	00	00	00
5	YY7	00	3440	2323	00	00	00	00
5	YY8	00	2234	2323	00	00	00	00
5	YY9	0909	3440	3131	1525	1010	2135	1316
5	YY10	1515	1934	2929	2025	1016	2131	1322
5	YY11	0309	2528	2727	1723	1010	2127	1010
5	YY12	00	3134	2323	00	00	00	00
5	YY13	00	3146	1927	2525	1010	3737	1313
5	YY14	00	1037	2323	00	00	00	00
5	YY15	00	2831	2525	00	00	00	00
5	YY16	00	2228	3131	1517	0710	2727	1619
5	YY19	00	2537	2323	1923	1019	1521	1319
5	YY20	00	2534	2729	1919	1016	2727	1013
5	YY21	00	3437	3131	1727	1019	2531	1619
5	YY22	00	3440	2123	1929	0116	2527	0713
5	YY23	00	3740	2525	1720	1616	1927	1013
5	YY24	00	3134	2533	1520	1622	2123	1013
6	YC1	1721	2531	3335	2029	1016	2743	1319
6	YC2	1523	1634	2525	2025	1016	2125	1316
6	YC4	0311	3440	2337	2020	1016	1931	1013
6	YC5	1515	2834	3939	2525	1313	2731	1619
6	YC6	1717	2534	2933	1719	1016	2531	1319
6	YC7	0303	2534	3133	2327	1016	3133	1013
6	YC8	1115	3434	1919	1920	1016	2325	1016
6	YC9	1515	3134	3133	2020	1616	2131	1619
6	YC10	0917	3434	3333	1723	1010	2549	1316
6	YC11	1119	1034	2331	1920	1619	2731	1316
6	YC12	0303	1631	3133	1923	1010	2131	1013
6	YC13	2121	3134	3939	2020	1016	2127	1322
6	YC14	00	2834	3133	1720	1019	2127	1619
6	YC15	00	3434	3135	2025	1016	2525	1013
6	YC16	00	2834	2525	1927	1010	0923	1013
6	YC17	00	3134	3333	2020	1010	3133	1316
6	YC18	00	3140	3939	1920	1019	2331	1013
6	YC20	00	2528	3141	1720	1016	2125	0713
6	YC21	1517	2834	3133	2020	0110	2131	1313
6	YC22	0337	1034	2933	1720	1019	2527	1316
6	YC23	1515	3437	2525	0117	1619	3131	1619
6	YC24	1515	3134	2931	2331	1919	2125	1013
7	YF1	1515	1934	2933	1927	1016	2331	0710
7	YF3	7777	3452	0303	2023	1010	4551	0719
7	YF4	2323	3134	3333	0520	1019	2731	1010
7	YF5	1519	3137	3333	2727	1019	2323	1313
7	YF6	2323	2528	2323	2529	1010	2323	1625
7	YF7	1113	4649	0307	2323	0713	4551	0719
7	YF8	0911	1640	0303	2023	1010	4551	0719
7	YF9	2323	2528	00	1723	1016	2331	0710
7	YF10	6767	3134	0101	1923	1010	4563	0719
7	YF11	1519	3131	3131	2727	1019	2323	1313
7	YF12	1313	1334	4545	1517	1010	2931	1919
7	YF13	1923	2234	00	1923	1010	4563	0707
7	YF14	1143	3134	2529	2020	1619	2131	1010
7	YF15	1521	2831	2527	1923	1016	2123	0713
7	YF16	6779	2534	2327	1923	1010	4563	0707
7	YF17	0909	3137	3333	2020	1010	2323	1010
7	YF18	2323	3134	3333	0520	1019	2731	1010
7	YF19	6777	1931	0303	1923	1010	6363	0707
7	YF20	2335	2231	2531	0517	1025	2327	1013
8	MH1	00	3437	00	00	0713	2123	1316
8	MH2	00	3134	2939	1923	0410	1525	1016
8	MH3	1117	2831	00	2323	1010	2123	1316
8	MH4	1131	2828	2525	00	1010	2325	1019
8	MH5	1115	2831	00	1931	0710	2327	1316
8	MH6	3343	2834	3133	00	0710	2325	1319
8	MH7	2727	3434	3939	00	0716	1521	1016
8	MH8	2529	3134	2325	00	0710	2125	1319
8	MH9	170	00	00	00	0710	00	1322
8	MH10	0717	2834	00	00	0407	00	1322
8	MH11	1919	3437	00	00	0710	00	1322
8	MH12	1319	3437	00	00	0716	00	1622
8	MH13	1327	3134	2323	00	1619	2323	1013
8	MH14	1313	3134	2325	00	1019	1523	1013
8	MH15	3947	3134	2929	0513	1010	1525	1013
8	MH16	0909	3134	00	00	1010	2123	1316
8	MH17	4547	2834	2323	00	1619	2123	0713
8	MH18	2743	2534	2325	00	1016	2123	1319
8	MH19	2327	3437	2525	00	1016	2131	1919
8	MH20	1919	3134	2323	1929	1316	00	0713
8	MH21	1313	2834	2323	00	1016	2323	1013
8	MH22	1927	3134	00	00	1919	2525	1313
8	MH23	0927	2834	2939	00	1016	2123	1616
8	MH24	2327	2834	2333	1719	1016	2323	0713
9	ML1	2331	3134	3939	1919	1016	2125	1010
9	ML2	0909	3137	2933	2023	1010	2125	1016
9	ML3	1325	2837	2929	1923	1010	2123	1013
9	ML4	2329	2831	1531	1920	1016	2127	1019
9	ML5	0913	3134	2323	0919	1010	2325	1316
9	ML6	1325	3740	00	00	1010	2323	1316
9	ML7	0909	2537	00	00	1010	2325	0713
9	ML8	1313	2534	00	00	1619	2121	1013
9	ML9	310	2534	3535	2020	1016	2127	0713
9	ML10	1331	3134	00	00	1019	1523	1316
9	ML11	1325	3134	2941	00	1019	2121	1016
9	ML12	0925	3440	2931	00	1010	2123	1016
9	MLA	1119	2531	2527	00	1622	2525	1319
9	MLB	1327	2831	2929	1925	1019	00	1319
9	MLC	1919	2531	3333	1519	1922	00	1016
10	T51	1117	3434	3133	2525	0110	2331	0416
10	T52	1327	2831	3941	2727	1919	2123	1313
10	T53	2531	1931	00	2729	1010	00	1313
10	T54	0935	2834	3133	1929	1010	00	1019
10	T55	1313	3134	1541	2027	1019	2327	1316
10	T56	1331	2534	2329	2525	1019	2325	1619
10	T57	1313	3134	00	1927	1019	2327	1316
10	T58	3131	3131	3131	2027	0710	00	1013
10	T59	1327	3437	3131	0927	1016	2123	1013
10	T510	1317	3137	2729	0917	1010	00	1016
10	T511	0909	3134	3139	2027	1019	2325	1625
10	T512	0909	3137	3133	2027	1016	00	1013
10	T513	0303	2528	4749	1925	1016	2729	1013
10	T514	0931	3137	2329	2025	1919	2323	1616
10	T515	0915	00	2527	00	1319	00	1013
10	T516	0931	3137	2329	2025	1919	2323	1616
10	T517	0929	3137	2125	1925	1919	00	1616
11	T21	2337	3137	2941	1717	1019	2123	0710
11	T22	1529	3440	3537	2325	1010	1521	1013
11	T23	0931	3743	00	2525	1019	2123	0710
11	T24	0913	2837	2331	1919	1019	1521	1013
11	T25	2329	3434	1539	2325	1010	2123	1319
11	T26	0923	3437	00	1919	1016	1523	1016
11	T27	0909	2837	00	2929	1016	1521	1013
11	T28	0713	3134	3131	1920	1016	1521	1013
11	T29	1331	2831	3739	2020	1010	2531	1013
11	T210	1335	3137	3939	2027	1010	2123	0716
11	T211	0909	3137	1525	2729	1019	1521	1013
11	T213	0327	3437	4141	1925	1010	2131	1013
11	T214	0707	3134	2127	1719	1019	1521	0710
11	T215	3135	2831	00	1920	1010	1521	1013
11	T216	3749	2831	3737	2025	1010	2123	0719
11	T217	1119	3134	00	1919	1019	1521	1319
11	T218	0909	3140	00	1923	1010	1521	1013
11	T219	0937	2837	3133	2929	1010	2325	1013
11	T220	2527	3437	2729	2531	1010	2123	1013
11	T221	1117	2834	00	00	0710	1923	1319
11	T222	1325	3437	2729	2323	1019	2125	1013
11	T223	1117	3131	00	1717	1010	2123	1319
11	T224	0929	3131	3737	2023	1010	2123	1319
12	T12	2543	3134	1529	2525	00	00	0713
12	T13	3137	2531	2929	2325	00	00	1313
12	T14	2535	3131	2529	2325	00	00	0410
12	T15	1927	3131	2539	2325	00	00	1919
12	T16	2735	2837	3939	2325	1619	1523	1013
12	T17	2937	2531	2929	1923	1019	1523	0713
12	T18	1929	3134	2339	1923	1022	1523	1013
12	T19	3535	2837	3131	1925	1016	1523	1013
12	T110	2537	3737	2929	2325	1019	1521	1319
12	T111	1927	3131	2539	2020	1619	2535	0719
12	T112	1919	3131	3535	2025	1619	1523	1013
12	T113	2941	3434	3535	2020	1016	2531	1319
12	T114	3745	3134	2941	2025	1016	2327	1013
12	T115	2331	3437	3131	1925	1019	1525	1010
12	T116	2323	3134	00	1923	1619	1521	1013
12	T117	1937	2837	2739	2323	1619	2331	1319
12	T118	1935	3137	2939	2525	1019	1523	1013
12	T119	1941	2531	2323	2525	1010	1523	0713
12	T120	0919	3131	2931	2929	1010	1523	1013
12	T121	2935	3131	3939	1925	1016	1523	0713
12	T122	2731	3131	3135	1923	1019	1523	1319
12	T1h1	1935	3137	2323	2525	1010	1523	1319
12	T1h2	2533	3137	2929	1923	1016	2331	0710
12	T1h3	1929	3137	1529	2325	1019	1523	1013
12	T1h4	1933	3131	2531	2329	1313	00	0713
12	T1h5	1931	3137	2929	1925	1325	2121	0713
13	YK661	0909	2534	2333	1919	0719	2525	1313
13	YK662	0921	2225	2333	1925	1619	2325	1319
13	YK663	0919	2534	2327	2525	1019	2325	1313
13	YK664	0909	2534	2535	1523	00	2325	1013
13	YK671	0707	2531	2729	00	1013	1929	1013
13	YK672	0909	2834	2533	1925	1019	2525	1013
13	YK681	0909	2834	2533	1925	1019	2525	1013
13	YK682	0919	3134	3133	00	0110	1921	1013
13	YK684	0919	00	00	00	1619	00	00
13	YK470	0911	2834	2735	1923	1919	2327	0713
13	YK471	0909	2831	2333	1923	0710	2327	1616
13	YK472	0919	1625	1333	1925	1919	2323	1010
13	YK473	0505	2531	00	00	1619	2931	1016
13	YK474	1525	00	00	00	1016	2327	1016
13	YK475	1725	00	00	00	0710	1929	1013
14	YL1	0909	2531	2549	2033	1016	2125	1316
14	YL3	0743	2546	3333	2733	1010	2525	1313
14	YL4	0709	1934	2329	2535	0719	2323	1313
14	YL5	0707	1625	2327	2323	1919	2325	1313
14	YL6	0709	2228	2333	2335	1019	2525	1313
14	YL7	0909	2531	2549	2020	1919	2125	1316
14	YL8	0909	2831	2533	2023	1919	2525	1316
14	YL9	0941	1940	2329	2931	1022	2323	1313
14	YL10	0931	2534	2933	1919	1919	2525	1316
14	YL11	0909	2840	2525	1925	1919	2527	1313
14	YL12	0741	2537	2325	2029	1019	2331	1016
14	YL13	0709	1940	2527	1719	1019	2325	1016
14	YL14	0709	2534	2533	2533	1010	2335	1316
14	YL15	0909	3446	2333	2035	1619	2323	1313
14	YL16	0909	2834	2537	2325	1019	2525	1313
14	YL17	0909	3437	2535	0717	1922	2527	1016
14	YL18	0709	3140	2527	1719	1019	2325	1016
14	YL19	0909	3437	2535	0717	1922	2527	1016
14	YL20	0707	3140	3737	1929	1019	2325	1313
14	YL21	0909	2531	2549	2033	1919	2125	1316
14	YL22	0909	2531	2549	2033	1919	2125	1316
14	YL23	0909	2531	2549	2033	1919	2125	1316
14	YL24	0707	2528	2549	2323	1019	2527	1313
15	YH1	0909	2834	2531	00	1010	2125	1313
15	YH2	0909	3440	2527	1919	1316	2527	1313
15	YH3	0909	2834	2333	2325	1016	2123	1313
15	YH4	0909	2834	2731	00	1010	2525	1313
15	YH5	0915	3434	2735	2323	1616	2525	1313
15	YH6	0909	2834	3537	2525	1019	2527	1313
15	YH7	00	2837	2325	2031	1016	2525	1313
15	YH8	00	2840	2531	2029	1019	2525	1013
15	YH9	00	3134	00	00	1013	1923	0407
15	YH10	00	2534	2535	2333	1010	2325	1313
15	YH11	00	3134	2531	2525	1019	2325	0713
15	YH12	00	3134	2531	2535	1019	2325	1313
15	YH13	00	3434	2525	2031	1019	2527	1313
15	YH14	00	2834	2537	3335	1010	2525	1313
15	YH15	00	2534	2529	2025	1019	2525	1013
15	YH16	00	2534	2527	2323	1016	2527	1313
15	YH17	00	3440	2333	2325	1010	2123	1316
15	YH18	00	3437	2931	2031	1625	2527	1313
15	YH19	00	3140	0101	2031	1010	2325	1313
15	YH20	00	3140	00	2331	1019	2525	1016
15	YH21	00	2831	00	1920	1010	2525	1013
15	YH22	00	2834	00	1920	1010	2525	1316
15	YH23	00	3140	3333	2325	1010	2525	1313
15	YH24	0917	2534	3537	1923	1019	2125	1313
16	T13-1	0913	3434	00	2029	1019	2325	1316
16	T13-2	0709	3137	00	1929	1019	2327	0710
16	T13-3	0919	3440	00	1923	1319	2527	1316
16	T13-4	1115	4040	3335	1920	0710	2325	1313
16	T13-5	0709	4040	00	2023	1919	2527	1013
16	T13-6	0709	3434	2527	2029	1019	2325	1316
16	T13-7	1315	3434	3335	2027	1619	2327	1013
16	T13-8	1115	3434	2533	2027	1019	2325	1013
16	T13-9	0709	3434	2325	2029	1919	2323	1016
16	T13-10	0709	1625	3335	1923	1019	2525	1013
16	T13-11	0709	3434	3539	2027	0719	2325	1013
16	T13-12	0909	2540	2535	2320	1619	2325	1016
16	T13-13	0913	3434	2529	1927	1016	2325	1313
16	T13-14	0709	3434	2327	3327	1619	2323	0716
16	T13-15	0911	2531	2535	2020	0410	2323	1619
16	T13-16	0913	3434	3335	1927	1619	2325	1313
16	T13-17	1113	2531	2933	2020	0410	2323	1313
16	T13-18	0909	3131	2537	2325	1019	2327	1313
16	T13-19	0311	3434	2327	2731	1619	2331	1316
16	T13-20	0911	3434	2323	1515	1016	2325	1316
16	T13-21	0309	3134	3541	1731	1619	2325	1316
16	T13-22	0913	3440	3335	2327	1019	2325	1316
16	T13-23	0925	3434	2529	2531	1619	2325	1013
16	T13-24	0919	2534	3737	2023	0419	2325	1313
17	T10-1	0927	2240	3135	1729	1619	2525	1013
17	T10-2	0709	4040	3335	1727	1619	2525	1313
17	T10-3	0925	1937	00	00	1019	1921	0713
17	T10-4	0709	3434	00	00	1919	1923	1013
17	T10-5	0911	2534	3335	2525	1919	2331	1313
17	T10-6	1113	2837	2733	1929	1919	2525	1010
17	T10-7	0709	1931	00	1919	1919	2525	1013
17	T10-8	0709	3434	3133	2020	1919	2525	1013
17	T10-9	0709	2525	3535	2329	1619	2525	1013
17	T10-10	0709	3434	00	1920	1619	2527	1013
17	T10-11	0913	3434	00	1717	1919	2525	1316
17	T10-12	0709	2828	00	1717	1919	2525	1313
17	T10-13	0709	3434	00	1727	1619	1325	1313
17	T10-14	0911	3434	00	1723	1619	1325	1313
17	T10-15	0911	2834	00	2727	0710	2525	1013
17	T10-16	0913	00	00	2020	1019	1321	1016
17	T10-17	0709	2222	00	1727	1019	1925	1316
17	T10-18	1115	3740	00	00	1925	2127	1013
17	T10-19	0909	2228	00	190	1919	1925	1016
17	T10-20	0709	3440	00	1727	1019	2527	1016
17	T10-21	0709	4646	00	2725	1919	2525	1316
17	T10-22	0911	3434	00	2727	1919	2525	1313
17	T10-23	0709	2531	00	1735	1919	2325	1313
17	T10-24	0913	2525	00	1729	1619	2525	1616
18	T7-1	4347	2525	2727	2025	1616	2323	1019
18	T7-2	3541	2225	2727	2029	1619	2325	1010
18	T7-3	0709	2540	2727	2527	1619	2327	1010
18	T7-4	4143	4040	2727	2525	1016	2323	1013
18	T7-5	4349	2540	2727	1515	1619	2325	1019
18	T7-6	2547	1937	2727	2337	1619	2323	1010
18	T7-7	0709	4040	2727	1517	1616	2323	1019
18	T7-8	0911	2240	2727	2729	1619	2325	1019
18	T7-9	2529	4040	00	1519	1016	2323	1019
18	T7-10	4143	1040	2727	1923	1619	2327	1919
18	T7-11	0709	3140	2727	2023	1619	2525	1010
18	T7-12	0911	3440	2727	2325	1619	1923	1010
18	T7-13	4549	2537	2727	2729	2528	2323	1010
18	T7-14	2935	4040	2733	1520	1616	2323	1010
18	T7-15	0911	2540	2727	2527	1619	2323	1013
18	T7-16	4749	1040	2727	2020	1619	2323	1010
18	T7-17	4749	1331	2727	1517	1619	2325	1010
18	T7-18	0911	2237	2727	1525	1919	2323	1016
18	T7-19	0911	3134	2727	1523	00	2323	1010
18	T7-20	1927	2225	2727	3537	1616	2325	1010
18	T7-21	0939	2240	2727	2329	1919	1923	1010
18	T7-22	4547	2225	2727	2525	1922	2325	1319
18	T7-23	2935	2537	2729	2025	1919	2327	1010
18	T7-24	1135	4040	2727	1925	1619	2323	1019
19	XJP2	1725	2534	3131	1717	1010	2525	1010
19	XJP3	1719	2531	3131	1720	0707	2325	1010
19	XJP4	1719	2531	3133	1717	0710	2327	1010
19	XJP5	1919	2528	3131	1719	1010	2329	1010
19	XJP6	1717	0125	3131	2329	0710	2325	1010
19	XJP7	1719	2525	3133	2929	0710	2331	1010
19	XJP8	1719	2231	3131	1720	1010	2525	1013
19	XJP9	1735	2828	3147	2325	1010	2527	1013
19	XJP10	1919	0728	3131	1720	0707	2325	1010
19	XJP11	1919	0728	3147	2020	0710	2525	1010
19	XJP12	1719	1625	1745	1719	0707	2929	1010
19	XJP13	1719	0716	3153	1717	0710	2329	1010
19	XJP14	1719	1628	3145	1720	0710	2529	1010
19	XJP15	1935	2528	3131	2529	0710	2525	1010
19	XJP16	1919	2225	4547	1725	0707	2325	1010
19	XJP17	1919	0725	3131	1723	0710	2531	1010
19	XJP18	1919	0131	3145	1727	0710	2525	1010
19	XJP19	1719	0131	4949	2929	0707	2525	1010
19	XJP20	1919	0131	3131	2929	0710	2325	1010
19	XJP21	1919	0725	3133	1717	0410	2325	1010
19	XJP22	1735	2834	2931	2329	0707	2525	1010
19	XJP23	1919	2534	3133	1717	0110	2325	1010
19	XJP24	3535	2531	3133	1720	1010	2323	1013
20	I2-1	1517	100	3335	0909	1010	1325	2831
20	I2-2	0909	2840	2533	1727	1010	2929	1313
20	I2-3	0909	2834	2527	1727	1010	2525	1010
20	I2-4	0709	2840	2525	1717	1019	2529	1010
20	I2-5	0709	2828	2537	1719	1019	2525	1010
20	I2-6	0709	2828	2533	2527	1010	2525	1313
20	I2-7	0709	2828	2537	1719	1019	2525	1313
20	I2-8	0709	3440	3133	2325	1010	2525	1313
20	I2-9	0709	2834	2527	1727	1010	1325	1313
20	I2-10	0709	3440	2733	1920	1019	0125	1313
20	I2-11	0909	2834	2533	1725	1010	2525	1313
20	I2-12	0709	4040	2527	1720	1010	2525	1322
20	I2-13	0709	3440	2533	1727	1019	2525	1313
20	I2-14	0709	2828	2525	2727	1010	2525	1313
20	I2-15	0909	1928	2525	1920	1019	2525	1313
20	I2-16	0709	2834	2533	2727	1019	2325	1313
20	I2-17	0709	1922	2527	1925	1010	0125	1010
20	I2-18	1315	00	1919	1919	1010	5355	1313
20	I2-19	0909	3434	2527	1717	1919	1325	1313
20	I2-20	1519	2528	3337	2331	1019	1527	1922
20	I2-21	0709	2834	2527	1929	1019	2529	1313
20	I2-22	0709	2840	2533	2529	1010	2525	1313
20	I2-23	0909	3434	2527	2527	1919	1325	1313
20	I2-24	0709	2834	2527	1729	1010	2529	1313
21	I9-1	0709	1934	3337	2527	1010	2529	1313
21	I9-2	0709	1919	3337	2527	1010	2529	1010
21	I9-3	0709	00	2533	1725	1010	2529	1010
21	I9-4	0709	1934	3337	2325	1010	2529	1313
21	I9-5	0709	1934	00	1719	1010	0125	1313
21	I9-6	0307	3440	2323	1727	1010	2325	1313
21	I9-7	0709	3434	2333	2527	1019	2529	0707
21	I9-8	0513	3434	2333	2527	1019	2529	1313
21	I9-9	0709	00	3333	2727	1010	2525	1010
21	I9-10	0709	1313	2527	1725	1010	2525	1313
21	I9-11	0709	3737	2533	2525	1010	2525	1313
21	I9-12	0709	1037	2533	2525	1010	2525	1313
21	I9-13	0709	4040	3133	2023	1019	2525	1010
21	I9-14	0709	1313	2525	2325	1019	2525	1010
21	I9-15	0709	3131	2737	2527	1010	2525	1313
21	I9-16	0709	3437	2727	1723	1019	2525	1313
21	I9-17	0709	2231	2525	1927	1619	2525	1013
21	I9-18	0709	3134	3337	2325	1010	2531	1016
21	I9-19	0709	1337	2527	2527	1010	0125	1313
21	I9-20	0709	4343	2525	1927	1019	2525	1010
21	I9-21	0709	4040	2727	1723	1019	2525	1010
21	I9-22	0709	3131	2733	1725	1010	0125	1010
21	I9-23	0709	3131	2527	1725	1010	2525	1010
21	I9-24	0709	3737	2527	1725	1010	2525	1313
