Clade1 genetic diversity																			
568	30	9	2	3					
Ning																			
sha																			
Sui																			
Xiang																			
Huo																			
DHS																			
Hu																			
Sand																			
Nan																			
Ding																			
Wan																			
VH																			
CP																			
NP																			
MH																			
ML																			
Tai																			
CS																			
QMS																			
TNP																			
HB																			
SNP																			
DAL																			
KT																			
Wu																			
CI																			
JA																			
CH																			
ST																			
JP																			
Pop	Ind	SSR1_1-78_	SSR2_1-141_	SSR3_A34_	SSR4_C25_	SSR5(A99)	SSR6_B30_	SSR7_A80_	SSR8_F17_	SSR9_H33_									
1	ND1	019019	115115	053065	043043	027027	021021	047049	015025	007009
1	ND2	019021	115125	053055	043043	027027	021021	049049	023025	011011
1	ND3	019019	119119	055069	041045	027027	021021	051053	025025	009011
1	ND4	017019	115117	063065	043043	027027	021021	047053	017017	007011
1	ND5	019019	115119	063065	043043	027027	021021	047051	025025	007011
1	ND6	019019	111115	055057	043043	025027	021021	053053	015027	007007
1	ND7	019019	111117	055063	039043	027027	021021	049055	015015	007009
1	ND8	019019	115115	051055	043043	027029	021021	051051	015017	011011
1	ND9	019019	113117	055065	043043	027027	021021	051051	017025	007007
1	ND10	019019	097105	037037	043043	027027	021021	051053	015015	007009
1	ND11	019019	111119	055063	043043	023027	021021	051051	017025	007007
1	ND12	019019	111117	055069	043043	027029	021021	047053	015015	007009
1	ND13	019019	115117	055067	043043	023027	021021	047049	015015	007011
1	ND14	019019	117123	063069	043043	025025	021021	049055	015025	007007
1	ND15	017019	117117	057057	041043	023027	021021	051055	015017	007011
1	ND16	019019	115119	063069	043043	021027	021021	047053	025025	007011
1	ND17	019019	115125	063063	043043	025027	021021	047049	017027	009011
1	ND18	021021	111115	061069	041043	027027	021021	049055	015025	005005
1	ND19	019019	099111	057061	043043	021027	021021	051055	017025	011011
1	ND20	019019	115117	055055	043047	023027	021021	049049	015015	007011
2	sha1	019019	115115	055055	041041	023027	021021	049051	017017	009009
2	sha2	021021	00	055055	041041	027027	021021	047047	017025	007007
2	sha3	019019	129131	055055	041041	021027	021021	049049	015015	007011
2	sha4	019019	117119	053055	041041	027027	021021	047051	015015	011011
2	sha5	019019	115115	055055	041041	027027	021021	053055	015025	007009
2	sha6	021021	113115	055063	041041	027027	021021	053053	041043	007007
2	sha7	021021	113115	055055	041041	025027	021021	047051	023025	009011
2	sha8	019021	113115	053055	041041	025027	021021	051053	025037	009011
2	sha9	019021	113121	055057	041041	023027	021021	049053	015015	007009
2	sha10	019019	00	055055	041041	021029	021021	049051	017017	007011
2	sha11	019019	115119	055055	041041	025027	021021	049051	015025	011011
2	sha12	019019	117119	069069	041041	023027	021021	055055	017017	007007
2	sha13	019021	115117	069069	041041	025027	021021	051051	017017	011011
2	sha14	021021	115117	055057	041041	025027	021021	045047	017025	007007
2	sha15	021021	115119	055057	041041	029029	021021	045047	017025	007007
2	sha16	017019	117121	061065	043043	021027	021021	053055	017027	007011
2	sha17	017019	111117	053055	041043	023027	021021	049051	015015	011011
2	sha18	019019	115119	055063	043043	027027	021021	051055	017027	009011
2	sha19	019019	117119	055071	043043	027027	021021	053053	027027	007011
2	sha20	019019	111117	055059	043043	027027	021021	051055	015015	007007
2	sha21	019019	107117	063063	043043	025027	021021	047047	015015	009009
2	sha22	021021	115117	055055	043043	023027	021021	045047	027029	007009
2	sha23	019019	117117	055055	043043	027027	021021	047051	015015	011011
2	sha24	019019	105117	055055	043043	027027	021021	047051	015015	007009
2	sha25	019019	117117	055055	041047	027027	021021	049049	015015	009009
2	sha26	019021	115117	067067	043043	025027	021021	055055	015015	007009
2	sha27	019019	111111	055055	043043	027027	021021	051051	017017	011011
3	JX1	021021	115119	061061	045045	023027	021021	051051	00	009009
3	JX2	017019	117119	055055	043043	00	021021	051053	017017	007009
3	JX3	019019	117119	053055	043043	027027	021021	051053	017027	009009
3	JX4	019019	097115	055057	043043	025027	021021	053053	017027	007011
3	JX5	019019	097097	057057	037041	027027	021021	049049	017017	011011
3	JX6	019019	115119	057061	043043	00	021021	053053	027027	011011
3	JX7	019019	117119	057057	041043	021027	021021	051051	017017	009009
3	JX8	019019	131133	057057	043043	021027	021021	053053	017017	007007
3	JX9	021021	105111	055063	043043	023023	021021	051053	017021	007013
3	JX10	017019	117117	055059	043047	023027	021021	053053	017017	007009
3	JX11	017017	111111	059059	043043	023023	021021	045045	019019	005005
3	JX12	019019	117119	053055	043043	025027	021021	051051	017017	007007
3	JX13	019019	117117	061061	043045	027027	021021	051051	019019	009009
3	JX14	019019	135137	055055	043043	027027	021021	053053	027027	009009
3	JX15	019019	097117	059061	043047	027027	021023	051053	027027	007011
3	JX16	017021	119121	055055	043043	027029	021021	053053	015015	009011
3	JX17	019019	119121	057059	043043	023027	021021	051051	017017	009009
3	JX18	019019	117119	055057	043043	027027	021021	051051	017025	011011
3	JX19	019019	125127	065065	043043	025025	021021	049051	017025	005009
3	JX20	019019	121123	059059	043043	027027	021021	051051	017017	009011
4	XG1	021025	115115	059061	043043	027027	021021	047051	015015	007007
4	XG2	019019	119119	057057	043043	027027	021021	047051	017017	007007
4	XG3	019019	107107	057057	043043	023023	021021	049051	015015	011011
4	XG4	019019	119125	055055	043043	027027	021021	051051	017017	007007
4	XG5	019019	115115	057057	043043	023023	021021	053053	025025	007013
4	XG6	019019	129129	059065	043043	027027	021023	055061	017017	009009
4	XG7	019019	105105	059059	043043	027027	021021	047053	015015	007007
4	XG8	017019	115115	055055	043043	023027	021021	051053	015015	007009
4	XG9	019019	115115	057057	043043	023027	021021	051059	015015	007007
4	XG10	019019	121121	057061	041043	025027	021021	049051	015015	007011
4	XG11	019019	115117	057057	039039	027029	019019	051053	015015	007007
4	XG12	019021	097097	057057	043043	027027	021021	049049	015015	009011
4	XG13	019021	115115	067067	043043	027027	021021	053053	015015	007009
4	XG14	019019	119119	057057	043043	027027	021021	047049	015015	009009
4	XG15	019019	099115	055055	043043	027027	021021	051051	013013	009009
4	XG16	019019	115133	055059	043043	027027	021021	053053	017017	011011
5	ZWY1	017017	115115	055061	041041	025027	021021	053053	017041	009009
5	ZWY2	019019	109115	057057	043043	025027	021021	053053	015041	007011
5	ZWY3	019019	131131	055055	037043	023025	021021	057057	017017	007009
5	ZWY4	019019	115123	057067	043043	027029	021021	053053	017017	011011
5	ZWY5	019019	119119	055055	039043	025025	021021	053053	015015	009009
5	ZWY6	019019	117117	055055	041043	023023	021021	053053	015015	041047
5	ZWY7	017017	117117	053057	039039	025027	021021	053055	017027	007009
5	ZWY8	007015	093113	00	043043	001001	011011	045049	031031	047047
5	ZWY9	019019	109109	059059	043043	027027	021021	051051	017017	007007
5	ZWY10	017019	097105	055057	041043	027027	021023	053057	015041	009009
5	ZWY11	019019	101119	057059	037041	027027	021021	053057	015027	007007
5	ZWY12	021198	117117	061063	041041	027029	021021	053053	013025	011011
5	ZWY13	019019	117129	059061	037037	027027	021021	053053	017029	009009
5	ZWY14	019019	127127	057057	043043	027029	021021	053053	015015	007007
5	ZWY15	019021	097119	055055	039039	027031	021021	053053	017027	007011
6	DHS1	021021	121123	049053	041043	025027	021021	053053	017017	007009
6	DHS2	019019	109109	055057	037037	027027	021021	051051	015015	007011
6	DHS3	019023	121123	053057	043043	027027	021021	051051	015015	007007
6	DHS4	019019	105119	059069	041043	027027	021021	051051	015017	009009
6	DHS5	019019	117119	055055	039043	021021	021021	051055	015015	007007
6	DHS6	019021	115127	037053	037041	025029	021021	051051	015015	007007
6	DHS7	019021	117119	049069	039041	025027	021021	051051	015015	007011
6	DHS8	017017	121127	053055	039043	027027	021023	055055	015015	007011
6	DHS9	019019	119119	057057	039039	027027	021021	053053	017017	009009
6	DHS10	019019	119119	055059	039041	027027	021021	049051	015015	007011
6	DHS11	017019	119125	053069	041043	027027	021021	051051	015015	007011
6	DHS12	019019	115117	067077	039039	027027	021021	051055	015015	005011
6	DHS13	019019	117117	017019	035043	023027	021021	049049	015015	007007
6	DHS14	021021	105105	017019	041041	027027	021021	051051	015015	009009
6	DHS15	017019	117121	015017	041041	023025	021021	051051	015017	007007
6	DHS16	019019	117119	013015	037039	025027	019021	051051	015017	003009
6	DHS17	021021	105105	017019	037041	027027	021021	053053	015015	005005
6	DHS18	019021	119119	019021	041041	027027	021021	051057	017031	005007
6	DHS19	019019	119123	023025	039039	027027	021021	051051	015033	005007
6	DHS20	019019	113121	021023	043043	027027	021021	00	015025	005013
6	DHS21	019019	099117	017021	039039	027027	021021	051051	017027	005011
6	DHS22	019019	117121	019021	039041	027027	021021	055055	015015	011011
6	DHS23	019021	115127	017019	039041	023027	021021	053053	015017	005011
6	DHS24	019021	113135	013015	041043	027027	021021	053053	00	003009
7	HN1	019019	107117	055055	043047	023027	021021	049053	015015	011011
7	HN2	019194	101105	065065	043045	017021	021021	051053	011017	00
7	HN3	019019	111121	057057	043043	027027	021021	049049	015015	011011
7	HN4	023023	105117	055057	047047	027027	021021	049053	017017	011011
7	HN5	019019	111121	057057	043043	027027	021021	049049	015015	011011
7	HN6	019019	111135	057059	043047	027027	021021	049049	017017	007011
7	HN7	019019	109119	057059	043043	027027	021021	051051	015025	007011
7	HN8	019019	109119	057059	041043	023027	021021	051053	017025	007007
7	HN9	019019	121127	051055	041041	027027	021021	111111	015049	011011
7	HN10	017019	115117	053073	037039	023027	021021	111111	043047	005005
7	HN11	021021	115137	057067	043043	023023	021021	111111	015025	009011
7	HN12	019019	121121	059059	043043	023027	021021	111111	015035	005011
7	HN13	019021	107117	055059	037041	001023	021021	111111	015015	005009
7	HN14	019021	117117	053059	041043	027027	021021	111111	015015	007009
7	HN15	019019	099099	059059	037041	001023	021021	111111	015015	005011
7	HN16	019021	099105	055065	039041	025027	021021	111053	015015	00
7	HN17	019021	115129	061065	039041	027027	021021	111111	015015	007011
7	HN18	019019	111113	055059	041041	027027	021021	111111	015051	009011
7	HN19	019019	105115	053055	041043	025027	021021	053053	015051	009009
7	HN20	017019	099115	057059	039051	027027	021021	047053	025043	011011
8	SD1	021021	115115	059059	00	023023	021021	055055	017017	005007
8	SD2	019019	135135	057057	043043	027027	021021	049051	051051	011011
8	SD3	019019	119119	059067	043043	025027	021021	047049	017017	007011
8	SD4	015017	111117	015029	037041	001001	011011	001001	017029	051051
8	SD5	019019	111117	057057	043043	023029	011011	049053	017017	007011
8	SD6	019021	115119	053067	043047	027027	011011	053057	015015	007011
8	SD7	021021	117117	061061	043043	023027	011011	051051	015015	009009
8	SD8	017019	097113	057059	043043	027027	011025	047047	015025	009009
8	SD9	021021	099113	055063	037041	029029	021021	047051	017017	00
8	SD10	017019	099115	055063	043043	023027	021021	049051	015015	009011
8	SD13	013013	111111	017017	039041	001001	011011	003003	021031	047047
8	SD14	021021	109131	045061	043043	027027	021021	049049	015025	009011
8	SD15	017017	111111	063063	043043	027027	021021	051051	017017	007007
8	SD16	019019	097119	055057	041043	027029	021023	047053	017017	009011
8	SD17	019019	115117	055057	043043	027027	021021	049053	017017	009009
8	SD18	017019	119127	045063	043043	027027	021021	051061	017017	007009
8	SD19	017021	117121	055063	043043	023027	021021	047061	017017	011011
8	SD20	019019	117119	061063	043043	027027	021021	051053	015015	007007
9	NN1	019021	105111	063069	043043	027027	021021	053053	013015	005007
9	NN2	019021	099103	063069	039043	027027	021021	053053	015015	009009
9	NN3	017019	103103	063069	041043	025027	021021	053053	015015	007009
9	NN4	017019	115117	055057	041043	023027	021021	053053	013015	007009
9	NN5	017019	103103	055057	043043	027027	021021	053053	019019	007007
9	NN6	017019	083103	055055	039039	027027	021021	051053	015015	009011
9	NN7	013019	081081	057057	039043	027027	021021	053053	015015	007007
9	NN8	017019	099103	053057	039043	027027	021021	053053	015017	007011
9	NN9	017019	103111	057069	041041	035043	021021	053053	017017	005007
9	NN10	013019	103103	057057	041043	027027	021021	053053	015031	009009
9	NN11	017019	103103	055057	039041	029029	021021	053053	015027	009011
9	NN12	017019	103111	055057	037039	023027	021021	053053	015027	007011
9	NN13	019019	101103	057059	041043	019021	021021	053053	015015	009009
9	NN14	019021	103111	053063	041043	027027	021021	053053	015015	007007
9	NN15	013019	119121	071073	037049	025027	021021	053053	025025	005007
9	NN16	019019	115117	053055	041043	023027	021021	053053	015025	005007
9	NN17	013019	113113	065067	041041	029031	021021	053055	013015	007009
9	NN18	019019	103109	057073	037037	027027	021021	053053	025033	005007
9	NN19	013019	109121	057073	037045	025027	021021	053053	023025	003005
10	DA1	017021	107109	031033	047049	023025	021021	049055	043045	005005
10	DA2	017017	105105	053053	047049	023023	021021	053053	017043	001005
10	DA3	017017	105119	017033	045045	023031	023023	051051	029045	007007
10	DA4	017019	107107	057071	049049	021021	021021	051053	051051	007021
10	DA5	017017	103105	017027	047053	023025	021021	051051	029039	007007
10	DA6	017017	103111	059063	043051	023023	021021	051051	043045	005007
10	DA7	017019	109109	049055	045053	023023	021021	049051	029041	007013
10	DA8	017017	111111	067067	041049	023023	021021	049051	047047	001007
10	DA9	017017	103109	019035	047047	023023	021021	051051	061061	007007
10	DA10	017019	103109	033047	051051	023025	021021	049053	039067	007021
10	DA11	017019	103103	035035	057057	027027	021021	051051	001033	009009
10	DA12	021021	00	027029	049053	023023	021021	049053	061061	005005
10	DA13	017019	105111	025049	045049	025025	021021	049051	061061	005005
10	DA14	017017	097111	049057	047047	023027	021021	049053	047051	005005
10	DA15	017017	105113	027033	043043	023023	021021	049051	049049	007007
10	DA16	017017	103107	051051	041041	027027	021021	049049	063063	007007
10	DA17	017017	115115	051051	043043	00	021021	00	061061	007007
10	DA18	017017	105107	031037	043049	023023	021021	053055	061075	007007
10	DA19	017017	105105	033033	047047	023025	021021	051051	071071	015017
11	WN1	017017	105111	049061	043043	023023	021021	053053	047067	007007
11	WN2	017017	107109	049063	041043	025027	021025	053059	033039	001001
11	WN3	017017	105105	067067	043043	023023	021021	055057	049049	007007
11	WN4	017019	101103	049049	041043	023025	021021	061061	029041	007007
11	WN5	017017	105105	049049	043043	025025	021021	061061	039039	007007
11	WN6	017017	109109	045045	041041	025025	021021	055055	049049	005005
11	WN7	017017	101107	049057	041043	023025	021021	053053	041045	007007
11	WN8	017017	099107	069069	043043	023025	021021	051061	049049	007007
11	WN9	017017	103105	061063	041041	021023	021021	053053	039051	007007
11	WN10	017017	105105	049065	041041	029029	021021	063065	015041	007007
12	VH1	019021	111119	059059	035047	025027	019019	047051	017017	005009
12	VH2	019021	099115	055057	035039	027027	019019	051051	017017	007011
12	VH3	019019	099099	059067	053053	023023	019019	051051	017025	007009
12	VH4	017019	111119	055057	035037	023027	019019	049051	017017	005011
12	VH5	019019	099119	053057	00	023027	019019	051051	017017	005005
12	VH6	019019	119121	059065	037045	025027	019021	051051	017017	005007
12	VH7	017019	00	055057	037043	023027	019019	051051	011011	009011
12	VH8	019019	00	057059	033033	027027	019019	051051	017017	005007
12	VH9	019019	00	055055	035035	023027	019019	051051	017017	007011
12	VH10	019019	099099	053065	045049	027027	019019	00	017017	005005
12	VH11	017019	117117	055057	035041	027027	019019	051051	017017	007009
12	VH12	019019	00	063063	021037	027027	019019	051051	017017	007007
13	CP1	019019	097099	057059	039043	027027	019019	051051	017017	007007
13	CP2	019021	00	067067	041041	023027	019019	051051	017017	007011
13	CP3	019019	117125	053053	039043	023027	019019	051051	017017	007009
13	CP4	019021	113115	057061	045047	021023	019019	051051	017017	005007
13	CP5	019019	00	051051	045053	021023	019019	051051	017017	009009
13	CP6	019019	00	051053	031031	023023	00	051051	017017	007011
13	CP7	019019	097099	057063	035049	025027	019019	051051	017017	003009
13	CP8	019019	125125	053053	039043	023023	019019	051051	017017	007009
14	NP1	019023	099099	057059	035041	025027	017019	051051	017035	009009
14	NP2	019019	097117	055059	039043	023027	019019	051051	017029	009011
15	MH1	001019	00	005009	00	023023	019019	077077	00	035035
15	MH2	005019	081081	007007	007009	015017	019019	079083	061063	035035
15	MH3	005005	081081	007007	007007	017019	019019	075077	057067	035035
15	MH4	005019	081081	007007	005005	015017	019019	077077	061061	035035
15	MH5	005019	081081	007007	005007	017017	019019	077077	053053	035035
15	MH6	003005	00	007007	007009	015015	019019	077077	063063	035035
15	MH7	005005	081081	007007	007007	017017	019019	077083	053053	035035
15	MH8	00	00	003007	00	023025	019019	079079	00	035035
15	MH9	005019	081081	007007	007009	015017	019019	077077	059059	035035
15	MH10	005019	081081	007007	007007	017017	019019	083083	059059	035035
15	MH11	005019	00	007007	007009	021021	019019	077077	00	035035
15	MH12	005019	00	007007	007007	015015	019019	077077	053059	035035
15	MH13	003007	081081	007007	007007	013013	019019	077087	057067	035035
15	MH14	005009	00	00	00	009023	019019	079089	057063	035035
15	MH15	00	00	00	00	021023	019019	00	055055	035035
15	MH16	005005	081081	007007	009009	017017	019019	077083	055055	035035
15	MH17	005019	081081	007007	007007	017017	019019	077077	065065	035035
15	MH18	023023	00	007007	00	019019	019019	081081	00	039039
15	MH19	005007	00	007007	007007	015015	019019	077079	00	035035
15	MH20	005007	081081	007007	007009	015015	019019	075077	053061	035035
16	ML1	00	081081	007007	00	015015	019019	075075	051059	035035
16	ML2	005005	081081	007007	007007	015015	019019	075079	00	035035
16	ML3	005005	00	007007	007007	017017	019019	077079	055055	035035
16	ML4	007007	00	007007	007007	015015	019019	075077	055071	035035
16	ML5	005005	00	007007	007011	015021	019019	075075	055059	035035
16	ML6	007007	00	007007	007007	017017	019019	079079	00	00
16	ML7	007007	081081	007007	007007	013021	019019	065065	053059	035035
16	ML8	005005	081081	007007	007007	015017	019019	065065	055059	035035
16	ML9	005005	081081	007007	007007	013015	019019	075085	00	035035
16	ML10	005005	00	007007	007007	015015	019019	075081	053061	035035
16	ML11	005007	081081	007007	007007	015015	019019	075075	055055	035035
16	ML12	00	00	009009	00	009009	019019	00	055055	037037
16	ML13	005005	00	007007	007007	019019	019019	083083	053055	035039
16	ML14	005005	081081	007007	007007	017017	019019	075077	051051	035035
16	ML15	005007	081081	007007	007007	015017	019019	075079	043055	035035
16	ML16	005005	081081	007007	007007	025025	019019	00	067067	035035
16	ML17	005005	081081	007007	007007	023023	019019	079079	063065	035035
16	ML18	005005	081081	007007	007007	015015	019019	065075	055061	035035
16	ML19	005013	081081	007007	007007	015015	019019	083083	059071	035035
16	ML20	005007	081081	007007	007007	017019	019019	081083	055055	035035
16	ML21	007007	081081	007007	007009	015017	019019	085085	017051	035035
16	ML22	005005	081081	005007	007007	017017	019019	075081	053063	035035
16	ML23	005005	081081	007007	007007	017017	019019	077085	053063	035035
16	ML24	005005	081081	007007	007007	017017	019019	077077	047059	035035
17	QM1	005005	081081	007007	005009	017033	013019	077077	053059	033035
17	QM2	005007	081081	007007	007007	019033	013019	079087	055055	033033
17	QM3	005005	081081	007007	011011	017037	015019	083083	059059	033033
17	QM4	005005	081081	005005	007007	019039	015019	075077	053055	033033
17	QM5	007007	081081	007007	007007	041041	013019	077077	059067	035035
17	QM6	005007	081081	007007	007009	041041	013019	077077	051063	035035
17	QM7	005007	081081	007007	007007	021041	013019	077079	00	035035
17	QM8	005005	081081	007007	007007	021041	013019	077079	061061	035035
17	QM9	005005	081081	007007	009009	021039	013019	00	063065	035035
17	QM10	003005	081081	007007	007007	021041	013019	077077	055061	033033
17	QM11	00	081081	007007	005009	035037	013019	077077	053059	037037
17	QM12	007007	081081	007007	009009	035035	013019	093093	061061	035035
17	QM13	007007	081081	007007	007007	025025	013019	00	053053	035035
17	QM14	007007	00	007009	007007	033033	013019	00	00	035037
17	QM15	005007	081081	007007	007007	015035	013019	077083	061061	035035
17	QM16	005005	081081	007007	007009	015035	015019	077081	055055	035035
17	QM17	00	00	005005	00	019039	00	00	00	035037
17	QM18	005007	081081	007007	00	021041	013019	077085	055061	035035
17	QM19	005005	081081	007007	007009	015039	013019	077085	053053	033033
17	QM20	005005	081081	007007	007009	039039	013019	075079	051061	035035
17	QM21	005005	081081	007007	007007	037037	011019	081081	051061	035035
17	QM22	005005	081081	007007	007009	035035	013019	077081	063063	035035
17	QM23	005007	081081	007007	007007	013037	013019	079085	049075	035037
17	QM24	005007	081081	007007	007009	037037	013019	079081	055057	033033
18	CS1	005007	081081	007007	007007	017033	019019	079081	059061	035035
18	CS2	003005	081081	007007	007007	019037	019019	081081	051051	035035
18	CS3	005019	081081	007009	007007	017035	019019	077081	045057	035035
18	CS4	005007	081081	007007	005007	017035	001019	077079	053053	035035
18	CS5	005005	081081	007007	007007	015035	019019	077077	053065	035035
18	CS6	005007	081081	007007	007007	017033	015019	065079	051051	035037
18	CS7	005007	081081	007007	005007	015039	019019	083089	053055	035035
18	CS8	005007	081081	007007	007009	015021	019019	081083	055059	035035
18	CS9	007023	081081	007007	007007	015019	017019	079083	053055	033037
18	CS10	009009	085085	007007	015015	013017	013019	073075	053067	027029
18	CS11	005015	081081	007007	007009	017033	019019	077091	055059	035035
18	CS12	005019	081081	007007	007007	015033	019019	081081	055055	035035
18	CS13	005019	081081	007007	007007	033033	019019	077079	049049	035035
18	CS14	003007	081081	007007	007007	015019	019019	079079	053059	035035
18	CS15	003003	081081	007007	007007	013037	019019	065079	051055	035035
18	CS16	005005	081081	007007	007007	017017	019019	079081	059067	035035
18	CS17	005007	081081	007007	007009	017035	019019	079079	047059	035035
18	CS18	005023	081081	007007	007007	017037	019019	077077	051065	035039
18	CS19	005007	081081	007007	005007	017037	019019	077081	059059	035035
18	CS20	007025	081081	007007	007007	015037	019019	077079	059059	035035
18	CS21	005007	081081	007007	007007	035035	019019	081091	049055	035035
18	CS22	009025	081081	007011	005007	035035	019019	075081	051055	035037
18	CS23	005009	081081	007011	003003	015035	019019	083083	059061	035035
18	CS24	005007	081081	007007	007007	015035	019019	075083	043065	033033
19	QMS1	005007	081081	007007	007007	015017	015019	079079	043061	035035
19	QMS2	005005	081081	007007	007007	015015	017019	085087	051057	035035
19	QMS3	005007	081081	007007	007007	017019	019019	00	049055	035035
19	QMS4	005007	00	007007	005009	015019	019019	079079	047053	035035
19	QMS5	007007	081081	007007	007009	015017	019019	079083	063063	035035
19	QMS6	005007	081081	007007	007007	015017	019019	077083	055059	035035
19	QMS7	007007	081081	007007	007007	017027	015019	085089	049059	035035
19	QMS8	005005	081081	007007	007007	017017	019019	081081	055055	035035
19	QMS9	005007	081081	007007	007007	017017	019019	077081	061063	035035
19	QMS10	007011	081081	007007	007011	015015	019019	077079	049059	035037
19	QMS11	005005	081081	007007	007007	015015	017019	077077	051051	035035
19	QMS12	00	081081	007007	009013	015015	019019	083085	055055	035037
19	QMS13	005005	081081	007007	009009	017017	019019	075083	059059	033035
19	QMS14	00	081081	007007	007009	017017	019019	075083	059059	035035
19	QMS15	005007	081081	007007	009011	015017	015019	075077	055059	033035
19	QMS16	007007	081081	007007	007009	017017	017019	081083	055055	029035
19	QMS17	005007	081081	007007	007007	015021	019019	077081	053053	027035
19	QMS18	005005	00	007007	007007	015017	019019	077081	055059	033035
19	QMS19	003007	081081	007007	007007	017019	019019	075077	049055	029035
19	QMS20	007007	081081	007007	007007	015019	019019	077077	051059	033035
19	QMS21	005005	081081	007007	007007	015017	019019	077077	055065	039035
19	QMS22	007007	081081	007007	005005	015015	019019	081083	055059	033035
19	QMS23	005005	081081	007007	007007	015015	019019	079081	051055	031035
19	QMS24	005015	081081	007007	007007	015033	019019	077081	055059	033037
20	TNP1	007009	083083	007007	013015	013013	013013	071071	017017	025035
20	TNP2	005007	083083	007007	013015	013019	013013	065073	021021	031035
20	TNP3	007007	083087	007007	015019	013015	013013	071073	019021	023029
20	TNP4	007009	083083	007007	015015	013015	013013	071071	021025	023029
20	TNP5	007007	083097	007007	015023	013015	013013	071091	017017	027029
20	TNP6	007007	083083	007007	015015	021021	013013	071081	021021	027027
20	TNP7	005005	083083	007007	015015	013017	013013	075075	015017	025029
20	TNP8	007009	083083	007009	007019	013013	013013	065071	019023	027027
20	TNP9	009009	083083	007011	015015	015017	013013	071073	017021	025027
20	TNP10	009009	083083	007007	015015	013017	013013	071081	019023	029029
20	TNP11	001011	083083	007007	015021	013015	013013	071075	019019	027029
20	TNP12	007007	083083	007007	013015	013017	013013	065071	021021	027027
20	TNP13	005005	083083	007007	015015	013013	013013	071073	019019	029029
20	TNP14	003009	083083	007007	013015	013013	013013	071071	019019	029029
20	TNP15	005009	083083	005005	019019	013015	013013	065071	019023	023027
20	TNP16	003009	083083	007009	015019	013015	013013	071091	021025	025025
20	TNP17	005005	083083	007007	015015	021021	013013	065065	019023	027027
20	TNP18	005009	083083	007009	015021	013019	013013	073073	019023	025027
20	TNP19	003011	083083	007007	015015	015017	013013	075075	019019	029029
20	TNP20	007009	083083	005005	015019	013013	013013	071073	019019	025029
20	TNP21	005009	083083	007007	015019	015021	013013	073073	017019	027029
20	TNP22	007009	083083	007007	015015	013015	013013	051073	017023	027027
20	TNP23	005009	083083	005005	015019	015017	013013	065065	023023	027027
20	TNP24	005009	083083	007007	009019	013013	013013	065071	021021	027029
21	HB1	007007	081081	007007	021021	00	00	071075	047047	043043
21	HB2	007009	081081	007007	025025	00	00	075077	035043	055055
21	HB3	007007	081081	007007	023023	021023	00	073079	041043	047047
21	HB4	007009	081081	007007	021025	023025	00	069071	051059	059067
21	HB5	007007	081081	007007	005025	023025	00	071071	033041	051057
21	HB6	007007	081081	007007	023025	023023	00	071071	039051	059059
21	HB7	009009	081081	007007	021025	023025	005005	069081	041053	043071
21	HB8	007007	081081	007007	023031	023025	005005	071071	041041	053053
21	HB9	005009	081081	007007	021025	023025	00	077079	043051	063067
21	HB10	007009	081081	007007	027027	023025	00	071071	057059	059059
21	HB11	007009	081081	007007	027029	00	005005	073077	041043	063065
21	HB12	005007	081081	007007	027027	00	00	071077	00	057067
21	HB13	00	081081	007007	025025	00	00	059059	00	063063
21	HB14	007007	081081	007007	023023	00	00	071071	045045	057065
21	HB15	009009	081081	007007	023023	019021	005005	071073	035035	065065
21	HB16	007009	081081	007007	025025	021023	005005	069071	031045	063067
21	HB17	009009	081081	007007	025025	021023	005005	069069	031031	067067
21	HB18	007009	081081	007007	025025	023025	00	073073	041041	055067
21	HB19	007009	081081	007007	023023	021023	00	071073	041041	055067
21	HB20	009009	081081	007007	031031	021023	005005	071071	045045	071071
21	HB21	009009	081081	007007	031031	021023	005005	075077	035043	055055
21	HB22	007009	081081	007007	025025	019021	005005	071071	041049	059065
21	HB23	009009	081081	005005	023023	00	005005	071075	019019	057071
21	HB24	009009	081081	003003	025025	00	00	069069	019019	00
21	HB25	007007	081081	007007	031031	00	005005	071071	015015	069069
21	HB26	005009	081081	007007	023029	00	005005	071077	015021	061075
21	HB27	009009	081081	007007	005029	00	005005	071073	015017	057057
21	HB28	007007	081081	007007	005025	023023	005005	071079	017021	045067
21	HB29	007007	081081	007007	023025	021021	005005	079079	015019	057065
21	HB30	009009	00	007007	00	021021	005005	051079	015019	051061
21	HB31	005009	081081	007007	023025	021023	005005	069071	019021	053059
21	HB32	007009	081081	007007	023025	021023	005005	071071	019021	067071
22	SNP1	019019	00	049049	017017	077077	019019	051051	00	00
22	SNP2	019019	127127	051057	035035	077077	019019	025051	051051	011011
22	SNP3	019019	127127	049055	00	051077	019019	025051	051051	011011
22	SNP4	019019	00	051057	00	077077	019019	025051	051059	011011
22	SNP5	019019	00	049049	001001	077077	019019	025051	057059	011011
22	SNP6	019019	127127	051055	037037	051077	019019	025051	051059	00
22	SNP7	019019	00	047051	00	051077	019019	025051	053053	009011
22	SNP8	019019	00	057057	035037	051077	019019	025051	063063	011011
22	SNP9	019019	127127	051055	00	077077	019019	051051	057059	011011
22	SNP10	019019	127127	051057	039043	051077	00	025051	00	009009
22	SNP11	019019	127127	051057	033033	051077	019019	025051	059059	011011
22	SNP12	019019	127127	049057	041043	00	00	025051	00	00
22	SNP13	019019	00	051051	00	051077	00	025051	00	011011
22	SNP14	019019	127127	053057	033043	051077	019019	025051	059059	00
22	SNP15	019019	127127	051055	041041	051077	019019	025051	051051	009011
22	SNP16	019019	00	053053	00	051077	019019	025051	051065	011011
22	SNP17	019019	127127	053057	033039	077077	00	051051	00	011011
22	SNP18	019019	00	051055	039043	077077	00	051051	00	009011
22	SNP19	019019	127127	051057	017017	051077	00	025051	051051	00
22	SNP20	019019	127127	051051	033033	077077	00	025051	059063	011011
22	SNP21	019019	00	051057	033033	055069	019019	025051	051059	011011
22	SNP22	019019	00	051057	00	055067	00	051051	00	011011
22	SNP23	019019	00	049057	033033	057069	019019	025051	061063	00
22	SNP24	019019	127127	051057	035035	063063	019019	025051	051051	011011
23	DAL1	009009	081081	007007	025031	00	013013	067071	023029	039039
23	DAL2	009009	081081	007007	023023	00	013013	067067	025025	041045
23	DAL3	009009	081081	007007	025025	023023	013013	067073	023031	039047
23	DAL4	009009	081081	007007	025027	025025	013013	071079	027027	039039
23	DAL5	009009	081081	007007	023027	023023	013013	069083	023027	039041
23	DAL6	009009	081081	007007	025025	023023	013013	071071	029029	041041
23	DAL7	009019	081081	007007	027027	00	00	065065	025029	011039
23	DAL8	019019	081081	003003	023025	00	00	00	029029	039039
23	DAL9	009019	081081	007007	023029	00	013013	071073	023031	039041
23	DAL10	009019	081081	007007	029029	00	00	069071	021021	011041
23	DAL11	009009	081081	007007	023027	00	013013	073083	023027	039041
23	DAL12	019019	081081	005005	027027	00	00	051051	029029	011035
24	KT1	009009	081081	007007	027027	00	013013	073073	017017	037037
24	KT2	009009	081081	007007	025027	00	013013	071073	013013	047047
24	KT3	009009	081081	007007	027027	00	013013	071081	019019	039039
24	KT4	009009	081081	007007	027027	00	013013	071071	021021	043043
25	Wu1	009015	00	007007	027031	027027	013013	073073	027027	00
25	Wu2	009015	00	007007	025027	025025	00	077087	021035	039043
25	Wu3	009009	00	007007	019029	027027	013013	073073	027027	041043
25	Wu4	009009	00	007007	019027	025027	013013	069077	029031	047047
25	Wu5	009009	081081	007007	017029	027027	013013	067077	025037	043043
25	Wu6	009009	081081	007007	023027	025025	013013	073075	025033	039039
25	Wu7	009009	081081	007007	025025	025025	013015	069073	027033	043043
25	Wu8	009015	081081	007007	025029	00	013013	073081	025027	045045
25	Wu9	009009	081081	007007	025025	00	013013	079079	027027	041043
25	Wu10	009009	081081	007007	019025	00	013013	071073	00	041047
25	Wu11	009009	00	007007	023025	00	013013	073077	023023	041049
25	Wu12	015015	00	007009	00	00	013015	073083	027027	043043
25	Wu13	009009	00	007007	025025	025025	013015	073081	033033	041045
25	Wu14	009009	00	007007	025027	023025	013013	073083	023027	041043
25	Wu15	009015	081081	007007	023027	00	013013	077077	025039	041043
25	Wu16	009009	00	007007	019025	00	013013	071071	027031	041041
25	Wu17	009009	081081	007007	023025	00	013013	077095	025031	039063
25	Wu18	009011	00	007007	031031	00	013013	069073	025025	043045
25	Wu19	009015	00	007007	023025	00	013013	069069	033033	043045
25	Wu20	009009	00	007007	025025	00	013013	063079	015025	041045
25	Wu21	009009	081081	007007	023025	00	013013	071073	027035	045045
25	Wu22	009009	00	007007	025025	025025	013013	071077	029035	039039
25	Wu23	009015	081081	007007	017027	00	013015	073083	027027	047047
25	Wu24	009009	00	007007	017025	00	013013	073083	031031	047047
26	I2-1	015015	063069	007007	027031	00	013013	085085	027029	043043
26	I2-2	015015	063069	007007	027029	00	013013	083083	027027	043043
26	I2-3	015015	063069	007007	027027	025025	013013	083083	027027	043043
26	I2-4	015017	063063	007007	021027	025025	013013	075083	027027	043043
26	I2-5	015015	063069	007007	021021	025027	013013	083083	027027	043043
26	I2-6	017017	063063	007011	025027	025027	013013	085085	019027	039043
26	I2-7	015015	00	007011	025027	025025	013013	075083	027027	039043
26	I2-8	017017	063069	007009	027027	027027	013013	069083	027027	043043
26	I2-9	015015	063069	007009	027027	025025	013013	075075	027027	043043
26	I2-10	015015	063069	007009	021025	023023	013013	075075	027027	043043
26	I2-11	015015	063063	007007	027033	00	013013	079085	027027	043045
26	I2-12	015017	063063	007007	027029	00	013013	081083	027027	043043
26	I2-13	015015	063063	007007	025033	00	013013	077083	027029	043043
26	I2-14	015015	063063	007007	027029	00	013013	075085	027027	043043
26	I2-15	015017	063069	007007	027033	00	013013	075083	027027	043043
26	I2-16	015015	063081	007007	029033	00	013013	081085	027027	043043
26	I2-17	015017	063069	007007	029029	00	013013	075085	027027	043043
26	I2-18	015017	063069	007007	027029	00	013013	083083	027027	043043
26	I2-19	015015	063069	007007	025033	00	013013	075083	027027	043043
26	I2-20	015015	063069	007007	029031	00	013013	083083	027031	043043
26	I2-21	015015	063069	007007	027029	00	005013	069069	027027	043043
26	I2-22	015017	063069	007007	027029	00	013013	083085	027027	043043
26	I2-23	015015	063063	007007	029029	00	013013	085085	027027	043043
26	I2-24	015017	063063	007007	027027	00	013013	075075	027027	043043
27	I9-1	015017	063063	007009	023025	023023	013013	081081	027027	00
27	I9-2	015015	063063	007011	023027	025025	013013	081081	027027	039045
27	I9-3	015017	063069	007011	025025	023023	013013	083083	027027	043043
27	I9-4	015017	063063	007009	031031	023023	013013	081081	027027	043043
27	I9-5	013015	063063	007007	025027	023023	013013	075085	027027	039043
27	I9-6	013017	063063	007007	021025	023023	013013	083085	027027	039043
27	I9-7	015015	063069	007007	023027	021021	013013	077085	027027	043043
27	I9-8	015015	063069	007007	023027	015015	013013	083083	027029	043043
27	I9-9	015015	063063	007007	021027	025025	013013	079083	027027	039043
27	I9-10	015015	063063	007007	027029	027027	013013	075081	027027	043043
27	I9-11	015017	063069	007007	027027	027027	013013	081085	027027	043043
27	I9-12	015017	063063	007007	025029	027027	013013	081081	027029	043043
27	I9-13	015015	063063	003007	023027	025025	013013	069081	027027	043043
27	I9-14	015015	063063	003007	025025	027027	019019	079079	027029	043043
27	I9-15	015017	063063	001007	027031	023023	013013	081083	027031	043043
27	I9-16	015015	063063	003007	029029	019019	013013	085085	027027	043043
27	I9-17	015015	063063	007007	025031	025027	013013	081083	027029	043043
27	I9-18	017017	063063	005007	027029	025027	013013	073081	027027	039043
27	I9-19	015017	063063	003007	023023	031033	013013	069087	027027	043043
27	I9-20	015017	063063	003007	027031	027027	013013	077083	029029	043043
27	I9-21	015015	063063	011007	027027	027027	013013	081083	027027	043043
27	I9-22	015017	063069	007007	025025	027027	013013	075083	027027	043043
27	I9-23	015017	063063	007007	027027	025029	013013	081083	027027	043043
27	I9-24	015017	063063	007007	027027	029031	013013	081081	027027	039043
28	Tai10-1	015017	063063	007007	025027	027027	013013	071077	029039	043045
28	Tai10-2	015019	063063	007007	025029	027027	013013	081081	019019	045047
28	Tai10-3	015017	063063	007007	023025	027027	013013	071073	029037	043043
28	Tai10-4	021021	063063	007007	021025	025025	013013	081081	023037	043045
28	Tai10-5	019021	063063	007007	025029	027027	013013	063073	029033	049049
28	Tai10-6	013019	063063	007007	025029	025025	013013	075077	035035	047053
28	Tai10-7	015019	063063	007007	025029	025027	013013	073073	025033	043043
28	Tai10-8	021023	063063	003007	025029	00	013013	071079	023035	043045
28	Tai10-9	015019	063063	003007	029035	00	013013	075093	00	043047
28	Tai10-10	021021	063063	007007	005031	027027	013013	075075	019025	043043
28	Tai10-11	019023	063063	007007	021021	025025	013019	077077	025035	043043
28	Tai10-12	015019	063063	007007	025027	025025	013013	073075	027037	043049
28	Tai10-13	019019	063063	007007	029029	025025	013013	075093	023029	047047
28	Tai10-14	019019	063063	007007	027027	025025	013013	069075	013025	043043
28	Tai10-15	021021	063063	007007	027027	00	013013	073075	035035	043049
28	Tai10-16	015021	063063	007007	027027	00	013013	073077	027037	045047
28	Tai10-17	019021	063063	007007	021021	00	013013	075075	035035	045045
28	Tai10-18	015015	063063	007007	019027	027027	013019	071077	025027	039043
29	Trang1	009013	033033	007007	005021	005005	025027	053075	023051	037037
29	Trang2	013013	015025	007007	007027	007007	025027	053067	019047	037037
29	Trang3	015015	027035	003007	007017	00	025027	053053	019027	037037
29	Trang4	009009	029035	007007	021025	005005	027027	00	019019	037037
29	Trang5	009013	025027	003007	021021	007007	027027	075077	019019	031037
29	Trang6	009009	031031	001007	019025	007007	027027	053071	045047	037037
29	Trang7	009013	001007	007007	023025	00	027027	053071	023047	015019
29	Trang8	009013	001007	003007	005005	005005	027027	087089	023023	013015
29	Trang9	009009	001001	007007	015015	005005	021027	077081	023051	017017
29	Trang10	009009	001001	007007	017023	005005	00	053053	023023	007015
29	Trang11	009013	001001	007007	019019	005007	027029	065067	023037	005017
29	Trang12	009009	001007	007007	017017	005005	027027	053075	027051	011015
29	Trang13	009013	001007	007007	005027	007007	027027	077081	047047	013013
29	Trang14	009013	001007	007007	001007	005007	027027	087089	019031	013017
29	Trang15	009013	001001	007007	001001	005005	027027	075077	045051	013013
29	Trang16	009015	001001	007007	023029	005007	025027	081083	023047	007013
29	Trang17	009015	001001	007007	017017	005007	025027	053087	019041	013013
29	Trang18	009009	007009	007007	017017	005007	025027	053087	00	009011
29	Trang19	009009	001007	007007	005019	005007	027027	053081	023023	013013
29	Trang20	009009	001007	007007	005027	005005	025027	053075	023023	013015
29	Trang21	009009	001007	007007	005023	005007	027027	053051	019023	011015
29	Trang22	009013	001001	007007	017027	005005	027027	053051	019019	007013
29	Trang23	009013	001001	007007	023023	005005	027027	053075	019019	011013
29	Trang24	009013	001003	007007	005005	005007	021027	077075	023023	019019
30	Jian1	009011	063063	007007	019019	003003	011021	077077	00	037037
30	Jian2	009009	063063	007007	007019	00	011015	00	00	039043
30	Jian3	009009	063063	007007	015017	003003	023023	039075	00	037037
30	Jian4	009009	063063	003007	007019	00	011011	00	00	039043
30	Jian5	00	00	00	00	00	023023	00	059059	039039
30	Jian6	009009	063063	007007	019019	003003	00	039073	059059	037037
30	Jian7	00	00	005007	009019	00	00	039043	059061	037037
30	Jian8	009009	063063	007007	009019	003003	023023	039077	057059	037037
30	Jian9	009009	063063	007007	019023	003003	023023	075077	061061	037037
30	Jian10	009009	063063	007007	007007	00	011023	00	061061	039043
30	Jian11	009009	063063	007009	007007	00	011015	037039	061061	039043
30	Jian12	009011	063063	007007	019019	003003	011021	077077	061061	037037
																			
																			
																			
																			
																			