Clade1 genetic diversity																			
568	30	9	2	3															
Ning																			
sha																			
Sui																			
Xiang																			
Huo																			
DHS																			
Hu																			
Sand																			
Nan																			
Ding																			
Wan																			
VH																			
CP																			
NP																			
MH																			
ML																			
Tai																			
CS																			
QMS																			
TNP																			
HB																			
SNP																			
DAL																			
KT																			
Wu																			
CI																			
JA																			
CH																			
ST																			
JP																			
Pop	Ind	SSR1_1-78_		SSR2_1-141_		SSR3_A34_		SSR4_C25_		SSR5(A99)		SSR6_B30_		SSR7_A80_		SSR8_F17_		SSR9_H33_	
1	ND1	19	19	115	115	53	65	43	43	27	27	21	21	47	49	15	25	7	9
1	ND2	19	21	115	125	53	55	43	43	27	27	21	21	49	49	23	25	11	11
1	ND3	19	19	119	119	55	69	41	45	27	27	21	21	51	53	25	25	9	11
1	ND4	17	19	115	117	63	65	43	43	27	27	21	21	47	53	17	17	7	11
1	ND5	19	19	115	119	63	65	43	43	27	27	21	21	47	51	25	25	7	11
1	ND6	19	19	111	115	55	57	43	43	25	27	21	21	53	53	15	27	7	7
1	ND7	19	19	111	117	55	63	39	43	27	27	21	21	49	55	15	15	7	9
1	ND8	19	19	115	115	51	55	43	43	27	29	21	21	51	51	15	17	11	11
1	ND9	19	19	113	117	55	65	43	43	27	27	21	21	51	51	17	25	7	7
1	ND10	19	19	97	105	37	37	43	43	27	27	21	21	51	53	15	15	7	9
1	ND11	19	19	111	119	55	63	43	43	23	27	21	21	51	51	17	25	7	7
1	ND12	19	19	111	117	55	69	43	43	27	29	21	21	47	53	15	15	7	9
1	ND13	19	19	115	117	55	67	43	43	23	27	21	21	47	49	15	15	7	11
1	ND14	19	19	117	123	63	69	43	43	25	25	21	21	49	55	15	25	7	7
1	ND15	17	19	117	117	57	57	41	43	23	27	21	21	51	55	15	17	7	11
1	ND16	19	19	115	119	63	69	43	43	21	27	21	21	47	53	25	25	7	11
1	ND17	19	19	115	125	63	63	43	43	25	27	21	21	47	49	17	27	9	11
1	ND18	21	21	111	115	61	69	41	43	27	27	21	21	49	55	15	25	5	5
1	ND19	19	19	99	111	57	61	43	43	21	27	21	21	51	55	17	25	11	11
1	ND20	19	19	115	117	55	55	43	47	23	27	21	21	49	49	15	15	7	11
2	sha1	19	19	115	115	55	55	41	41	23	27	21	21	49	51	17	17	9	9
2	sha2	21	21	0	0	55	55	41	41	27	27	21	21	47	47	17	25	7	7
2	sha3	19	19	129	131	55	55	41	41	21	27	21	21	49	49	15	15	7	11
2	sha4	19	19	117	119	53	55	41	41	27	27	21	21	47	51	15	15	11	11
2	sha5	19	19	115	115	55	55	41	41	27	27	21	21	53	55	15	25	7	9
2	sha6	21	21	113	115	55	63	41	41	27	27	21	21	53	53	41	43	7	7
2	sha7	21	21	113	115	55	55	41	41	25	27	21	21	47	51	23	25	9	11
2	sha8	19	21	113	115	53	55	41	41	25	27	21	21	51	53	25	37	9	11
2	sha9	19	21	113	121	55	57	41	41	23	27	21	21	49	53	15	15	7	9
2	sha10	19	19	0	0	55	55	41	41	21	29	21	21	49	51	17	17	7	11
2	sha11	19	19	115	119	55	55	41	41	25	27	21	21	49	51	15	25	11	11
2	sha12	19	19	117	119	69	69	41	41	23	27	21	21	55	55	17	17	7	7
2	sha13	19	21	115	117	69	69	41	41	25	27	21	21	51	51	17	17	11	11
2	sha14	21	21	115	117	55	57	41	41	25	27	21	21	45	47	17	25	7	7
2	sha15	21	21	115	119	55	57	41	41	29	29	21	21	45	47	17	25	7	7
2	sha16	17	19	117	121	61	65	43	43	21	27	21	21	53	55	17	27	7	11
2	sha17	17	19	111	117	53	55	41	43	23	27	21	21	49	51	15	15	11	11
2	sha18	19	19	115	119	55	63	43	43	27	27	21	21	51	55	17	27	9	11
2	sha19	19	19	117	119	55	71	43	43	27	27	21	21	53	53	27	27	7	11
2	sha20	19	19	111	117	55	59	43	43	27	27	21	21	51	55	15	15	7	7
2	sha21	19	19	107	117	63	63	43	43	25	27	21	21	47	47	15	15	9	9
2	sha22	21	21	115	117	55	55	43	43	23	27	21	21	45	47	27	29	7	9
2	sha23	19	19	117	117	55	55	43	43	27	27	21	21	47	51	15	15	11	11
2	sha24	19	19	105	117	55	55	43	43	27	27	21	21	47	51	15	15	7	9
2	sha25	19	19	117	117	55	55	41	47	27	27	21	21	49	49	15	15	9	9
2	sha26	19	21	115	117	67	67	43	43	25	27	21	21	55	55	15	15	7	9
2	sha27	19	19	111	111	55	55	43	43	27	27	21	21	51	51	17	17	11	11
3	JX1	21	21	115	119	61	61	45	45	23	27	21	21	51	51	0	0	9	9
3	JX2	17	19	117	119	55	55	43	43	0	0	21	21	51	53	17	17	7	9
3	JX3	19	19	117	119	53	55	43	43	27	27	21	21	51	53	17	27	9	9
3	JX4	19	19	97	115	55	57	43	43	25	27	21	21	53	53	17	27	7	11
3	JX5	19	19	97	97	57	57	37	41	27	27	21	21	49	49	17	17	11	11
3	JX6	19	19	115	119	57	61	43	43	0	0	21	21	53	53	27	27	11	11
3	JX7	19	19	117	119	57	57	41	43	21	27	21	21	51	51	17	17	9	9
3	JX8	19	19	131	133	57	57	43	43	21	27	21	21	53	53	17	17	7	7
3	JX9	21	21	105	111	55	63	43	43	23	23	21	21	51	53	17	21	7	13
3	JX10	17	19	117	117	55	59	43	47	23	27	21	21	53	53	17	17	7	9
3	JX11	17	17	111	111	59	59	43	43	23	23	21	21	45	45	19	19	5	5
3	JX12	19	19	117	119	53	55	43	43	25	27	21	21	51	51	17	17	7	7
3	JX13	19	19	117	117	61	61	43	45	27	27	21	21	51	51	19	19	9	9
3	JX14	19	19	135	137	55	55	43	43	27	27	21	21	53	53	27	27	9	9
3	JX15	19	19	97	117	59	61	43	47	27	27	21	23	51	53	27	27	7	11
3	JX16	17	21	119	121	55	55	43	43	27	29	21	21	53	53	15	15	9	11
3	JX17	19	19	119	121	57	59	43	43	23	27	21	21	51	51	17	17	9	9
3	JX18	19	19	117	119	55	57	43	43	27	27	21	21	51	51	17	25	11	11
3	JX19	19	19	125	127	65	65	43	43	25	25	21	21	49	51	17	25	5	9
3	JX20	19	19	121	123	59	59	43	43	27	27	21	21	51	51	17	17	9	11
4	XG1	21	25	115	115	59	61	43	43	27	27	21	21	47	51	15	15	7	7
4	XG2	19	19	119	119	57	57	43	43	27	27	21	21	47	51	17	17	7	7
4	XG3	19	19	107	107	57	57	43	43	23	23	21	21	49	51	15	15	11	11
4	XG4	19	19	119	125	55	55	43	43	27	27	21	21	51	51	17	17	7	7
4	XG5	19	19	115	115	57	57	43	43	23	23	21	21	53	53	25	25	7	13
4	XG6	19	19	129	129	59	65	43	43	27	27	21	23	55	61	17	17	9	9
4	XG7	19	19	105	105	59	59	43	43	27	27	21	21	47	53	15	15	7	7
4	XG8	17	19	115	115	55	55	43	43	23	27	21	21	51	53	15	15	7	9
4	XG9	19	19	115	115	57	57	43	43	23	27	21	21	51	59	15	15	7	7
4	XG10	19	19	121	121	57	61	41	43	25	27	21	21	49	51	15	15	7	11
4	XG11	19	19	115	117	57	57	39	39	27	29	19	19	51	53	15	15	7	7
4	XG12	19	21	97	97	57	57	43	43	27	27	21	21	49	49	15	15	9	11
4	XG13	19	21	115	115	67	67	43	43	27	27	21	21	53	53	15	15	7	9
4	XG14	19	19	119	119	57	57	43	43	27	27	21	21	47	49	15	15	9	9
4	XG15	19	19	99	115	55	55	43	43	27	27	21	21	51	51	13	13	9	9
4	XG16	19	19	115	133	55	59	43	43	27	27	21	21	53	53	17	17	11	11
5	ZWY1	17	17	115	115	55	61	41	41	25	27	21	21	53	53	17	41	9	9
5	ZWY2	19	19	109	115	57	57	43	43	25	27	21	21	53	53	15	41	7	11
5	ZWY3	19	19	131	131	55	55	37	43	23	25	21	21	57	57	17	17	7	9
5	ZWY4	19	19	115	123	57	67	43	43	27	29	21	21	53	53	17	17	11	11
5	ZWY5	19	19	119	119	55	55	39	43	25	25	21	21	53	53	15	15	9	9
5	ZWY6	19	19	117	117	55	55	41	43	23	23	21	21	53	53	15	15	41	47
5	ZWY7	17	17	117	117	53	57	39	39	25	27	21	21	53	55	17	27	7	9
5	ZWY8	7	15	93	113	0	0	43	43	1	1	11	11	45	49	31	31	47	47
5	ZWY9	19	19	109	109	59	59	43	43	27	27	21	21	51	51	17	17	7	7
5	ZWY10	17	19	97	105	55	57	41	43	27	27	21	23	53	57	15	41	9	9
5	ZWY11	19	19	101	119	57	59	37	41	27	27	21	21	53	57	15	27	7	7
5	ZWY12	21	198	117	117	61	63	41	41	27	29	21	21	53	53	13	25	11	11
5	ZWY13	19	19	117	129	59	61	37	37	27	27	21	21	53	53	17	29	9	9
5	ZWY14	19	19	127	127	57	57	43	43	27	29	21	21	53	53	15	15	7	7
5	ZWY15	19	21	97	119	55	55	39	39	27	31	21	21	53	53	17	27	7	11
6	DHS1	21	21	121	123	49	53	41	43	25	27	21	21	53	53	17	17	7	9
6	DHS2	19	19	109	109	55	57	37	37	27	27	21	21	51	51	15	15	7	11
6	DHS3	19	23	121	123	53	57	43	43	27	27	21	21	51	51	15	15	7	7
6	DHS4	19	19	105	119	59	69	41	43	27	27	21	21	51	51	15	17	9	9
6	DHS5	19	19	117	119	55	55	39	43	21	21	21	21	51	55	15	15	7	7
6	DHS6	19	21	115	127	37	53	37	41	25	29	21	21	51	51	15	15	7	7
6	DHS7	19	21	117	119	49	69	39	41	25	27	21	21	51	51	15	15	7	11
6	DHS8	17	17	121	127	53	55	39	43	27	27	21	23	55	55	15	15	7	11
6	DHS9	19	19	119	119	57	57	39	39	27	27	21	21	53	53	17	17	9	9
6	DHS10	19	19	119	119	55	59	39	41	27	27	21	21	49	51	15	15	7	11
6	DHS11	17	19	119	125	53	69	41	43	27	27	21	21	51	51	15	15	7	11
6	DHS12	19	19	115	117	67	77	39	39	27	27	21	21	51	55	15	15	5	11
6	DHS13	19	19	117	117	17	19	35	43	23	27	21	21	49	49	15	15	7	7
6	DHS14	21	21	105	105	17	19	41	41	27	27	21	21	51	51	15	15	9	9
6	DHS15	17	19	117	121	15	17	41	41	23	25	21	21	51	51	15	17	7	7
6	DHS16	19	19	117	119	13	15	37	39	25	27	19	21	51	51	15	17	3	9
6	DHS17	21	21	105	105	17	19	37	41	27	27	21	21	53	53	15	15	5	5
6	DHS18	19	21	119	119	19	21	41	41	27	27	21	21	51	57	17	31	5	7
6	DHS19	19	19	119	123	23	25	39	39	27	27	21	21	51	51	15	33	5	7
6	DHS20	19	19	113	121	21	23	43	43	27	27	21	21	0	0	15	25	5	13
6	DHS21	19	19	99	117	17	21	39	39	27	27	21	21	51	51	17	27	5	11
6	DHS22	19	19	117	121	19	21	39	41	27	27	21	21	55	55	15	15	11	11
6	DHS23	19	21	115	127	17	19	39	41	23	27	21	21	53	53	15	17	5	11
6	DHS24	19	21	113	135	13	15	41	43	27	27	21	21	53	53	0	0	3	9
7	HN1	19	19	107	117	55	55	43	47	23	27	21	21	49	53	15	15	11	11
7	HN2	19	194	101	105	65	65	43	45	17	21	21	21	51	53	11	17	0	0
7	HN3	19	19	111	121	57	57	43	43	27	27	21	21	49	49	15	15	11	11
7	HN4	23	23	105	117	55	57	47	47	27	27	21	21	49	53	17	17	11	11
7	HN5	19	19	111	121	57	57	43	43	27	27	21	21	49	49	15	15	11	11
7	HN6	19	19	111	135	57	59	43	47	27	27	21	21	49	49	17	17	7	11
7	HN7	19	19	109	119	57	59	43	43	27	27	21	21	51	51	15	25	7	11
7	HN8	19	19	109	119	57	59	41	43	23	27	21	21	51	53	17	25	7	7
7	HN9	19	19	121	127	51	55	41	41	27	27	21	21	111	111	15	49	11	11
7	HN10	17	19	115	117	53	73	37	39	23	27	21	21	111	111	43	47	5	5
7	HN11	21	21	115	137	57	67	43	43	23	23	21	21	111	111	15	25	9	11
7	HN12	19	19	121	121	59	59	43	43	23	27	21	21	111	111	15	35	5	11
7	HN13	19	21	107	117	55	59	37	41	1	23	21	21	111	111	15	15	5	9
7	HN14	19	21	117	117	53	59	41	43	27	27	21	21	111	111	15	15	7	9
7	HN15	19	19	99	99	59	59	37	41	1	23	21	21	111	111	15	15	5	11
7	HN16	19	21	99	105	55	65	39	41	25	27	21	21	111	53	15	15	0	0
7	HN17	19	21	115	129	61	65	39	41	27	27	21	21	111	111	15	15	7	11
7	HN18	19	19	111	113	55	59	41	41	27	27	21	21	111	111	15	51	9	11
7	HN19	19	19	105	115	53	55	41	43	25	27	21	21	53	53	15	51	9	9
7	HN20	17	19	99	115	57	59	39	51	27	27	21	21	47	53	25	43	11	11
8	SD1	21	21	115	115	59	59	0	0	23	23	21	21	55	55	17	17	5	7
8	SD2	19	19	135	135	57	57	43	43	27	27	21	21	49	51	51	51	11	11
8	SD3	19	19	119	119	59	67	43	43	25	27	21	21	47	49	17	17	7	11
8	SD4	15	17	111	117	15	29	37	41	1	1	11	11	1	1	17	29	51	51
8	SD5	19	19	111	117	57	57	43	43	23	29	11	11	49	53	17	17	7	11
8	SD6	19	21	115	119	53	67	43	47	27	27	11	11	53	57	15	15	7	11
8	SD7	21	21	117	117	61	61	43	43	23	27	11	11	51	51	15	15	9	9
8	SD8	17	19	97	113	57	59	43	43	27	27	11	25	47	47	15	25	9	9
8	SD9	21	21	99	113	55	63	37	41	29	29	21	21	47	51	17	17	0	0
8	SD10	17	19	99	115	55	63	43	43	23	27	21	21	49	51	15	15	9	11
8	SD13	13	13	111	111	17	17	39	41	1	1	11	11	3	3	21	31	47	47
8	SD14	21	21	109	131	45	61	43	43	27	27	21	21	49	49	15	25	9	11
8	SD15	17	17	111	111	63	63	43	43	27	27	21	21	51	51	17	17	7	7
8	SD16	19	19	97	119	55	57	41	43	27	29	21	23	47	53	17	17	9	11
8	SD17	19	19	115	117	55	57	43	43	27	27	21	21	49	53	17	17	9	9
8	SD18	17	19	119	127	45	63	43	43	27	27	21	21	51	61	17	17	7	9
8	SD19	17	21	117	121	55	63	43	43	23	27	21	21	47	61	17	17	11	11
8	SD20	19	19	117	119	61	63	43	43	27	27	21	21	51	53	15	15	7	7
9	NN1	19	21	105	111	63	69	43	43	27	27	21	21	53	53	13	15	5	7
9	NN2	19	21	99	103	63	69	39	43	27	27	21	21	53	53	15	15	9	9
9	NN3	17	19	103	103	63	69	41	43	25	27	21	21	53	53	15	15	7	9
9	NN4	17	19	115	117	55	57	41	43	23	27	21	21	53	53	13	15	7	9
9	NN5	17	19	103	103	55	57	43	43	27	27	21	21	53	53	19	19	7	7
9	NN6	17	19	83	103	55	55	39	39	27	27	21	21	51	53	15	15	9	11
9	NN7	13	19	81	81	57	57	39	43	27	27	21	21	53	53	15	15	7	7
9	NN8	17	19	99	103	53	57	39	43	27	27	21	21	53	53	15	17	7	11
9	NN9	17	19	103	111	57	69	41	41	35	43	21	21	53	53	17	17	5	7
9	NN10	13	19	103	103	57	57	41	43	27	27	21	21	53	53	15	31	9	9
9	NN11	17	19	103	103	55	57	39	41	29	29	21	21	53	53	15	27	9	11
9	NN12	17	19	103	111	55	57	37	39	23	27	21	21	53	53	15	27	7	11
9	NN13	19	19	101	103	57	59	41	43	19	21	21	21	53	53	15	15	9	9
9	NN14	19	21	103	111	53	63	41	43	27	27	21	21	53	53	15	15	7	7
9	NN15	13	19	119	121	71	73	37	49	25	27	21	21	53	53	25	25	5	7
9	NN16	19	19	115	117	53	55	41	43	23	27	21	21	53	53	15	25	5	7
9	NN17	13	19	113	113	65	67	41	41	29	31	21	21	53	55	13	15	7	9
9	NN18	19	19	103	109	57	73	37	37	27	27	21	21	53	53	25	33	5	7
9	NN19	13	19	109	121	57	73	37	45	25	27	21	21	53	53	23	25	3	5
10	DA1	17	21	107	109	31	33	47	49	23	25	21	21	49	55	43	45	5	5
10	DA2	17	17	105	105	53	53	47	49	23	23	21	21	53	53	17	43	1	5
10	DA3	17	17	105	119	17	33	45	45	23	31	23	23	51	51	29	45	7	7
10	DA4	17	19	107	107	57	71	49	49	21	21	21	21	51	53	51	51	7	21
10	DA5	17	17	103	105	17	27	47	53	23	25	21	21	51	51	29	39	7	7
10	DA6	17	17	103	111	59	63	43	51	23	23	21	21	51	51	43	45	5	7
10	DA7	17	19	109	109	49	55	45	53	23	23	21	21	49	51	29	41	7	13
10	DA8	17	17	111	111	67	67	41	49	23	23	21	21	49	51	47	47	1	7
10	DA9	17	17	103	109	19	35	47	47	23	23	21	21	51	51	61	61	7	7
10	DA10	17	19	103	109	33	47	51	51	23	25	21	21	49	53	39	67	7	21
10	DA11	17	19	103	103	35	35	57	57	27	27	21	21	51	51	1	33	9	9
10	DA12	21	21	0	0	27	29	49	53	23	23	21	21	49	53	61	61	5	5
10	DA13	17	19	105	111	25	49	45	49	25	25	21	21	49	51	61	61	5	5
10	DA14	17	17	97	111	49	57	47	47	23	27	21	21	49	53	47	51	5	5
10	DA15	17	17	105	113	27	33	43	43	23	23	21	21	49	51	49	49	7	7
10	DA16	17	17	103	107	51	51	41	41	27	27	21	21	49	49	63	63	7	7
10	DA17	17	17	115	115	51	51	43	43	0	0	21	21	0	0	61	61	7	7
10	DA18	17	17	105	107	31	37	43	49	23	23	21	21	53	55	61	75	7	7
10	DA19	17	17	105	105	33	33	47	47	23	25	21	21	51	51	71	71	15	17
11	WN1	17	17	105	111	49	61	43	43	23	23	21	21	53	53	47	67	7	7
11	WN2	17	17	107	109	49	63	41	43	25	27	21	25	53	59	33	39	1	1
11	WN3	17	17	105	105	67	67	43	43	23	23	21	21	55	57	49	49	7	7
11	WN4	17	19	101	103	49	49	41	43	23	25	21	21	61	61	29	41	7	7
11	WN5	17	17	105	105	49	49	43	43	25	25	21	21	61	61	39	39	7	7
11	WN6	17	17	109	109	45	45	41	41	25	25	21	21	55	55	49	49	5	5
11	WN7	17	17	101	107	49	57	41	43	23	25	21	21	53	53	41	45	7	7
11	WN8	17	17	99	107	69	69	43	43	23	25	21	21	51	61	49	49	7	7
11	WN9	17	17	103	105	61	63	41	41	21	23	21	21	53	53	39	51	7	7
11	WN10	17	17	105	105	49	65	41	41	29	29	21	21	63	65	15	41	7	7
12	VH1	19	21	111	119	59	59	35	47	25	27	19	19	47	51	17	17	5	9
12	VH2	19	21	99	115	55	57	35	39	27	27	19	19	51	51	17	17	7	11
12	VH3	19	19	99	99	59	67	53	53	23	23	19	19	51	51	17	25	7	9
12	VH4	17	19	111	119	55	57	35	37	23	27	19	19	49	51	17	17	5	11
12	VH5	19	19	99	119	53	57	0	0	23	27	19	19	51	51	17	17	5	5
12	VH6	19	19	119	121	59	65	37	45	25	27	19	21	51	51	17	17	5	7
12	VH7	17	19	0	0	55	57	37	43	23	27	19	19	51	51	11	11	9	11
12	VH8	19	19	0	0	57	59	33	33	27	27	19	19	51	51	17	17	5	7
12	VH9	19	19	0	0	55	55	35	35	23	27	19	19	51	51	17	17	7	11
12	VH10	19	19	99	99	53	65	45	49	27	27	19	19	0	0	17	17	5	5
12	VH11	17	19	117	117	55	57	35	41	27	27	19	19	51	51	17	17	7	9
12	VH12	19	19	0	0	63	63	21	37	27	27	19	19	51	51	17	17	7	7
13	CP1	19	19	97	99	57	59	39	43	27	27	19	19	51	51	17	17	7	7
13	CP2	19	21	0	0	67	67	41	41	23	27	19	19	51	51	17	17	7	11
13	CP3	19	19	117	125	53	53	39	43	23	27	19	19	51	51	17	17	7	9
13	CP4	19	21	113	115	57	61	45	47	21	23	19	19	51	51	17	17	5	7
13	CP5	19	19	0	0	51	51	45	53	21	23	19	19	51	51	17	17	9	9
13	CP6	19	19	0	0	51	53	31	31	23	23	0	0	51	51	17	17	7	11
13	CP7	19	19	97	99	57	63	35	49	25	27	19	19	51	51	17	17	3	9
13	CP8	19	19	125	125	53	53	39	43	23	23	19	19	51	51	17	17	7	9
14	NP1	19	23	99	99	57	59	35	41	25	27	17	19	51	51	17	35	9	9
14	NP2	19	19	97	117	55	59	39	43	23	27	19	19	51	51	17	29	9	11
15	MH1	1	19	0	0	5	9	0	0	23	23	19	19	77	77	0	0	35	35
15	MH2	5	19	81	81	7	7	7	9	15	17	19	19	79	83	61	63	35	35
15	MH3	5	5	81	81	7	7	7	7	17	19	19	19	75	77	57	67	35	35
15	MH4	5	19	81	81	7	7	5	5	15	17	19	19	77	77	61	61	35	35
15	MH5	5	19	81	81	7	7	5	7	17	17	19	19	77	77	53	53	35	35
15	MH6	3	5	0	0	7	7	7	9	15	15	19	19	77	77	63	63	35	35
15	MH7	5	5	81	81	7	7	7	7	17	17	19	19	77	83	53	53	35	35
15	MH8	0	0	0	0	3	7	0	0	23	25	19	19	79	79	0	0	35	35
15	MH9	5	19	81	81	7	7	7	9	15	17	19	19	77	77	59	59	35	35
15	MH10	5	19	81	81	7	7	7	7	17	17	19	19	83	83	59	59	35	35
15	MH11	5	19	0	0	7	7	7	9	21	21	19	19	77	77	0	0	35	35
15	MH12	5	19	0	0	7	7	7	7	15	15	19	19	77	77	53	59	35	35
15	MH13	3	7	81	81	7	7	7	7	13	13	19	19	77	87	57	67	35	35
15	MH14	5	9	0	0	0	0	0	0	9	23	19	19	79	89	57	63	35	35
15	MH15	0	0	0	0	0	0	0	0	21	23	19	19	0	0	55	55	35	35
15	MH16	5	5	81	81	7	7	9	9	17	17	19	19	77	83	55	55	35	35
15	MH17	5	19	81	81	7	7	7	7	17	17	19	19	77	77	65	65	35	35
15	MH18	23	23	0	0	7	7	0	0	19	19	19	19	81	81	0	0	39	39
15	MH19	5	7	0	0	7	7	7	7	15	15	19	19	77	79	0	0	35	35
15	MH20	5	7	81	81	7	7	7	9	15	15	19	19	75	77	53	61	35	35
16	ML1	0	0	81	81	7	7	0	0	15	15	19	19	75	75	51	59	35	35
16	ML2	5	5	81	81	7	7	7	7	15	15	19	19	75	79	0	0	35	35
16	ML3	5	5	0	0	7	7	7	7	17	17	19	19	77	79	55	55	35	35
16	ML4	7	7	0	0	7	7	7	7	15	15	19	19	75	77	55	71	35	35
16	ML5	5	5	0	0	7	7	7	11	15	21	19	19	75	75	55	59	35	35
16	ML6	7	7	0	0	7	7	7	7	17	17	19	19	79	79	0	0	0	0
16	ML7	7	7	81	81	7	7	7	7	13	21	19	19	65	65	53	59	35	35
16	ML8	5	5	81	81	7	7	7	7	15	17	19	19	65	65	55	59	35	35
16	ML9	5	5	81	81	7	7	7	7	13	15	19	19	75	85	0	0	35	35
16	ML10	5	5	0	0	7	7	7	7	15	15	19	19	75	81	53	61	35	35
16	ML11	5	7	81	81	7	7	7	7	15	15	19	19	75	75	55	55	35	35
16	ML12	0	0	0	0	9	9	0	0	9	9	19	19	0	0	55	55	37	37
16	ML13	5	5	0	0	7	7	7	7	19	19	19	19	83	83	53	55	35	39
16	ML14	5	5	81	81	7	7	7	7	17	17	19	19	75	77	51	51	35	35
16	ML15	5	7	81	81	7	7	7	7	15	17	19	19	75	79	43	55	35	35
16	ML16	5	5	81	81	7	7	7	7	25	25	19	19	0	0	67	67	35	35
16	ML17	5	5	81	81	7	7	7	7	23	23	19	19	79	79	63	65	35	35
16	ML18	5	5	81	81	7	7	7	7	15	15	19	19	65	75	55	61	35	35
16	ML19	5	13	81	81	7	7	7	7	15	15	19	19	83	83	59	71	35	35
16	ML20	5	7	81	81	7	7	7	7	17	19	19	19	81	83	55	55	35	35
16	ML21	7	7	81	81	7	7	7	9	15	17	19	19	85	85	17	51	35	35
16	ML22	5	5	81	81	5	7	7	7	17	17	19	19	75	81	53	63	35	35
16	ML23	5	5	81	81	7	7	7	7	17	17	19	19	77	85	53	63	35	35
16	ML24	5	5	81	81	7	7	7	7	17	17	19	19	77	77	47	59	35	35
17	QM1	5	5	81	81	7	7	5	9	17	33	13	19	77	77	53	59	33	35
17	QM2	5	7	81	81	7	7	7	7	19	33	13	19	79	87	55	55	33	33
17	QM3	5	5	81	81	7	7	11	11	17	37	15	19	83	83	59	59	33	33
17	QM4	5	5	81	81	5	5	7	7	19	39	15	19	75	77	53	55	33	33
17	QM5	7	7	81	81	7	7	7	7	41	41	13	19	77	77	59	67	35	35
17	QM6	5	7	81	81	7	7	7	9	41	41	13	19	77	77	51	63	35	35
17	QM7	5	7	81	81	7	7	7	7	21	41	13	19	77	79	0	0	35	35
17	QM8	5	5	81	81	7	7	7	7	21	41	13	19	77	79	61	61	35	35
17	QM9	5	5	81	81	7	7	9	9	21	39	13	19	0	0	63	65	35	35
17	QM10	3	5	81	81	7	7	7	7	21	41	13	19	77	77	55	61	33	33
17	QM11	0	0	81	81	7	7	5	9	35	37	13	19	77	77	53	59	37	37
17	QM12	7	7	81	81	7	7	9	9	35	35	13	19	93	93	61	61	35	35
17	QM13	7	7	81	81	7	7	7	7	25	25	13	19	0	0	53	53	35	35
17	QM14	7	7	0	0	7	9	7	7	33	33	13	19	0	0	0	0	35	37
17	QM15	5	7	81	81	7	7	7	7	15	35	13	19	77	83	61	61	35	35
17	QM16	5	5	81	81	7	7	7	9	15	35	15	19	77	81	55	55	35	35
17	QM17	0	0	0	0	5	5	0	0	19	39	0	0	0	0	0	0	35	37
17	QM18	5	7	81	81	7	7	0	0	21	41	13	19	77	85	55	61	35	35
17	QM19	5	5	81	81	7	7	7	9	15	39	13	19	77	85	53	53	33	33
17	QM20	5	5	81	81	7	7	7	9	39	39	13	19	75	79	51	61	35	35
17	QM21	5	5	81	81	7	7	7	7	37	37	11	19	81	81	51	61	35	35
17	QM22	5	5	81	81	7	7	7	9	35	35	13	19	77	81	63	63	35	35
17	QM23	5	7	81	81	7	7	7	7	13	37	13	19	79	85	49	75	35	37
17	QM24	5	7	81	81	7	7	7	9	37	37	13	19	79	81	55	57	33	33
18	CS1	5	7	81	81	7	7	7	7	17	33	19	19	79	81	59	61	35	35
18	CS2	3	5	81	81	7	7	7	7	19	37	19	19	81	81	51	51	35	35
18	CS3	5	19	81	81	7	9	7	7	17	35	19	19	77	81	45	57	35	35
18	CS4	5	7	81	81	7	7	5	7	17	35	1	19	77	79	53	53	35	35
18	CS5	5	5	81	81	7	7	7	7	15	35	19	19	77	77	53	65	35	35
18	CS6	5	7	81	81	7	7	7	7	17	33	15	19	65	79	51	51	35	37
18	CS7	5	7	81	81	7	7	5	7	15	39	19	19	83	89	53	55	35	35
18	CS8	5	7	81	81	7	7	7	9	15	21	19	19	81	83	55	59	35	35
18	CS9	7	23	81	81	7	7	7	7	15	19	17	19	79	83	53	55	33	37
18	CS10	9	9	85	85	7	7	15	15	13	17	13	19	73	75	53	67	27	29
18	CS11	5	15	81	81	7	7	7	9	17	33	19	19	77	91	55	59	35	35
18	CS12	5	19	81	81	7	7	7	7	15	33	19	19	81	81	55	55	35	35
18	CS13	5	19	81	81	7	7	7	7	33	33	19	19	77	79	49	49	35	35
18	CS14	3	7	81	81	7	7	7	7	15	19	19	19	79	79	53	59	35	35
18	CS15	3	3	81	81	7	7	7	7	13	37	19	19	65	79	51	55	35	35
18	CS16	5	5	81	81	7	7	7	7	17	17	19	19	79	81	59	67	35	35
18	CS17	5	7	81	81	7	7	7	9	17	35	19	19	79	79	47	59	35	35
18	CS18	5	23	81	81	7	7	7	7	17	37	19	19	77	77	51	65	35	39
18	CS19	5	7	81	81	7	7	5	7	17	37	19	19	77	81	59	59	35	35
18	CS20	7	25	81	81	7	7	7	7	15	37	19	19	77	79	59	59	35	35
18	CS21	5	7	81	81	7	7	7	7	35	35	19	19	81	91	49	55	35	35
18	CS22	9	25	81	81	7	11	5	7	35	35	19	19	75	81	51	55	35	37
18	CS23	5	9	81	81	7	11	3	3	15	35	19	19	83	83	59	61	35	35
18	CS24	5	7	81	81	7	7	7	7	15	35	19	19	75	83	43	65	33	33
19	QMS1	5	7	81	81	7	7	7	7	15	17	15	19	79	79	43	61	35	35
19	QMS2	5	5	81	81	7	7	7	7	15	15	17	19	85	87	51	57	35	35
19	QMS3	5	7	81	81	7	7	7	7	17	19	19	19	0	0	49	55	35	35
19	QMS4	5	7	0	0	7	7	5	9	15	19	19	19	79	79	47	53	35	35
19	QMS5	7	7	81	81	7	7	7	9	15	17	19	19	79	83	63	63	35	35
19	QMS6	5	7	81	81	7	7	7	7	15	17	19	19	77	83	55	59	35	35
19	QMS7	7	7	81	81	7	7	7	7	17	27	15	19	85	89	49	59	35	35
19	QMS8	5	5	81	81	7	7	7	7	17	17	19	19	81	81	55	55	35	35
19	QMS9	5	7	81	81	7	7	7	7	17	17	19	19	77	81	61	63	35	35
19	QMS10	7	11	81	81	7	7	7	11	15	15	19	19	77	79	49	59	35	37
19	QMS11	5	5	81	81	7	7	7	7	15	15	17	19	77	77	51	51	35	35
19	QMS12	0	0	81	81	7	7	9	13	15	15	19	19	83	85	55	55	35	37
19	QMS13	5	5	81	81	7	7	9	9	17	17	19	19	75	83	59	59	33	35
19	QMS14	0	0	81	81	7	7	7	9	17	17	19	19	75	83	59	59	35	35
19	QMS15	5	7	81	81	7	7	9	11	15	17	15	19	75	77	55	59	33	35
19	QMS16	7	7	81	81	7	7	7	9	17	17	17	19	81	83	55	55	29	35
19	QMS17	5	7	81	81	7	7	7	7	15	21	19	19	77	81	53	53	27	35
19	QMS18	5	5	0	0	7	7	7	7	15	17	19	19	77	81	55	59	33	35
19	QMS19	3	7	81	81	7	7	7	7	17	19	19	19	75	77	49	55	29	35
19	QMS20	7	7	81	81	7	7	7	7	15	19	19	19	77	77	51	59	33	35
19	QMS21	5	5	81	81	7	7	7	7	15	17	19	19	77	77	55	65	39	35
19	QMS22	7	7	81	81	7	7	5	5	15	15	19	19	81	83	55	59	33	35
19	QMS23	5	5	81	81	7	7	7	7	15	15	19	19	79	81	51	55	31	35
19	QMS24	5	15	81	81	7	7	7	7	15	33	19	19	77	81	55	59	33	37
20	TNP1	7	9	83	83	7	7	13	15	13	13	13	13	71	71	17	17	25	35
20	TNP2	5	7	83	83	7	7	13	15	13	19	13	13	65	73	21	21	31	35
20	TNP3	7	7	83	87	7	7	15	19	13	15	13	13	71	73	19	21	23	29
20	TNP4	7	9	83	83	7	7	15	15	13	15	13	13	71	71	21	25	23	29
20	TNP5	7	7	83	97	7	7	15	23	13	15	13	13	71	91	17	17	27	29
20	TNP6	7	7	83	83	7	7	15	15	21	21	13	13	71	81	21	21	27	27
20	TNP7	5	5	83	83	7	7	15	15	13	17	13	13	75	75	15	17	25	29
20	TNP8	7	9	83	83	7	9	7	19	13	13	13	13	65	71	19	23	27	27
20	TNP9	9	9	83	83	7	11	15	15	15	17	13	13	71	73	17	21	25	27
20	TNP10	9	9	83	83	7	7	15	15	13	17	13	13	71	81	19	23	29	29
20	TNP11	1	11	83	83	7	7	15	21	13	15	13	13	71	75	19	19	27	29
20	TNP12	7	7	83	83	7	7	13	15	13	17	13	13	65	71	21	21	27	27
20	TNP13	5	5	83	83	7	7	15	15	13	13	13	13	71	73	19	19	29	29
20	TNP14	3	9	83	83	7	7	13	15	13	13	13	13	71	71	19	19	29	29
20	TNP15	5	9	83	83	5	5	19	19	13	15	13	13	65	71	19	23	23	27
20	TNP16	3	9	83	83	7	9	15	19	13	15	13	13	71	91	21	25	25	25
20	TNP17	5	5	83	83	7	7	15	15	21	21	13	13	65	65	19	23	27	27
20	TNP18	5	9	83	83	7	9	15	21	13	19	13	13	73	73	19	23	25	27
20	TNP19	3	11	83	83	7	7	15	15	15	17	13	13	75	75	19	19	29	29
20	TNP20	7	9	83	83	5	5	15	19	13	13	13	13	71	73	19	19	25	29
20	TNP21	5	9	83	83	7	7	15	19	15	21	13	13	73	73	17	19	27	29
20	TNP22	7	9	83	83	7	7	15	15	13	15	13	13	51	73	17	23	27	27
20	TNP23	5	9	83	83	5	5	15	19	15	17	13	13	65	65	23	23	27	27
20	TNP24	5	9	83	83	7	7	9	19	13	13	13	13	65	71	21	21	27	29
21	HB1	7	7	81	81	7	7	21	21	0	0	0	0	71	75	47	47	43	43
21	HB2	7	9	81	81	7	7	25	25	0	0	0	0	75	77	35	43	55	55
21	HB3	7	7	81	81	7	7	23	23	21	23	0	0	73	79	41	43	47	47
21	HB4	7	9	81	81	7	7	21	25	23	25	0	0	69	71	51	59	59	67
21	HB5	7	7	81	81	7	7	5	25	23	25	0	0	71	71	33	41	51	57
21	HB6	7	7	81	81	7	7	23	25	23	23	0	0	71	71	39	51	59	59
21	HB7	9	9	81	81	7	7	21	25	23	25	5	5	69	81	41	53	43	71
21	HB8	7	7	81	81	7	7	23	31	23	25	5	5	71	71	41	41	53	53
21	HB9	5	9	81	81	7	7	21	25	23	25	0	0	77	79	43	51	63	67
21	HB10	7	9	81	81	7	7	27	27	23	25	0	0	71	71	57	59	59	59
21	HB11	7	9	81	81	7	7	27	29	0	0	5	5	73	77	41	43	63	65
21	HB12	5	7	81	81	7	7	27	27	0	0	0	0	71	77	0	0	57	67
21	HB13	0	0	81	81	7	7	25	25	0	0	0	0	59	59	0	0	63	63
21	HB14	7	7	81	81	7	7	23	23	0	0	0	0	71	71	45	45	57	65
21	HB15	9	9	81	81	7	7	23	23	19	21	5	5	71	73	35	35	65	65
21	HB16	7	9	81	81	7	7	25	25	21	23	5	5	69	71	31	45	63	67
21	HB17	9	9	81	81	7	7	25	25	21	23	5	5	69	69	31	31	67	67
21	HB18	7	9	81	81	7	7	25	25	23	25	0	0	73	73	41	41	55	67
21	HB19	7	9	81	81	7	7	23	23	21	23	0	0	71	73	41	41	55	67
21	HB20	9	9	81	81	7	7	31	31	21	23	5	5	71	71	45	45	71	71
21	HB21	9	9	81	81	7	7	31	31	21	23	5	5	75	77	35	43	55	55
21	HB22	7	9	81	81	7	7	25	25	19	21	5	5	71	71	41	49	59	65
21	HB23	9	9	81	81	5	5	23	23	0	0	5	5	71	75	19	19	57	71
21	HB24	9	9	81	81	3	3	25	25	0	0	0	0	69	69	19	19	0	0
21	HB25	7	7	81	81	7	7	31	31	0	0	5	5	71	71	15	15	69	69
21	HB26	5	9	81	81	7	7	23	29	0	0	5	5	71	77	15	21	61	75
21	HB27	9	9	81	81	7	7	5	29	0	0	5	5	71	73	15	17	57	57
21	HB28	7	7	81	81	7	7	5	25	23	23	5	5	71	79	17	21	45	67
21	HB29	7	7	81	81	7	7	23	25	21	21	5	5	79	79	15	19	57	65
21	HB30	9	9	0	0	7	7	0	0	21	21	5	5	51	79	15	19	51	61
21	HB31	5	9	81	81	7	7	23	25	21	23	5	5	69	71	19	21	53	59
21	HB32	7	9	81	81	7	7	23	25	21	23	5	5	71	71	19	21	67	71
22	SNP1	19	19	0	0	49	49	17	17	77	77	19	19	51	51	0	0	0	0
22	SNP2	19	19	127	127	51	57	35	35	77	77	19	19	25	51	51	51	11	11
22	SNP3	19	19	127	127	49	55	0	0	51	77	19	19	25	51	51	51	11	11
22	SNP4	19	19	0	0	51	57	0	0	77	77	19	19	25	51	51	59	11	11
22	SNP5	19	19	0	0	49	49	1	1	77	77	19	19	25	51	57	59	11	11
22	SNP6	19	19	127	127	51	55	37	37	51	77	19	19	25	51	51	59	0	0
22	SNP7	19	19	0	0	47	51	0	0	51	77	19	19	25	51	53	53	9	11
22	SNP8	19	19	0	0	57	57	35	37	51	77	19	19	25	51	63	63	11	11
22	SNP9	19	19	127	127	51	55	0	0	77	77	19	19	51	51	57	59	11	11
22	SNP10	19	19	127	127	51	57	39	43	51	77	0	0	25	51	0	0	9	9
22	SNP11	19	19	127	127	51	57	33	33	51	77	19	19	25	51	59	59	11	11
22	SNP12	19	19	127	127	49	57	41	43	0	0	0	0	25	51	0	0	0	0
22	SNP13	19	19	0	0	51	51	0	0	51	77	0	0	25	51	0	0	11	11
22	SNP14	19	19	127	127	53	57	33	43	51	77	19	19	25	51	59	59	0	0
22	SNP15	19	19	127	127	51	55	41	41	51	77	19	19	25	51	51	51	9	11
22	SNP16	19	19	0	0	53	53	0	0	51	77	19	19	25	51	51	65	11	11
22	SNP17	19	19	127	127	53	57	33	39	77	77	0	0	51	51	0	0	11	11
22	SNP18	19	19	0	0	51	55	39	43	77	77	0	0	51	51	0	0	9	11
22	SNP19	19	19	127	127	51	57	17	17	51	77	0	0	25	51	51	51	0	0
22	SNP20	19	19	127	127	51	51	33	33	77	77	0	0	25	51	59	63	11	11
22	SNP21	19	19	0	0	51	57	33	33	55	69	19	19	25	51	51	59	11	11
22	SNP22	19	19	0	0	51	57	0	0	55	67	0	0	51	51	0	0	11	11
22	SNP23	19	19	0	0	49	57	33	33	57	69	19	19	25	51	61	63	0	0
22	SNP24	19	19	127	127	51	57	35	35	63	63	19	19	25	51	51	51	11	11
23	DAL1	9	9	81	81	7	7	25	31	0	0	13	13	67	71	23	29	39	39
23	DAL2	9	9	81	81	7	7	23	23	0	0	13	13	67	67	25	25	41	45
23	DAL3	9	9	81	81	7	7	25	25	23	23	13	13	67	73	23	31	39	47
23	DAL4	9	9	81	81	7	7	25	27	25	25	13	13	71	79	27	27	39	39
23	DAL5	9	9	81	81	7	7	23	27	23	23	13	13	69	83	23	27	39	41
23	DAL6	9	9	81	81	7	7	25	25	23	23	13	13	71	71	29	29	41	41
23	DAL7	9	19	81	81	7	7	27	27	0	0	0	0	65	65	25	29	11	39
23	DAL8	19	19	81	81	3	3	23	25	0	0	0	0	0	0	29	29	39	39
23	DAL9	9	19	81	81	7	7	23	29	0	0	13	13	71	73	23	31	39	41
23	DAL10	9	19	81	81	7	7	29	29	0	0	0	0	69	71	21	21	11	41
23	DAL11	9	9	81	81	7	7	23	27	0	0	13	13	73	83	23	27	39	41
23	DAL12	19	19	81	81	5	5	27	27	0	0	0	0	51	51	29	29	11	35
24	KT1	9	9	81	81	7	7	27	27	0	0	13	13	73	73	17	17	37	37
24	KT2	9	9	81	81	7	7	25	27	0	0	13	13	71	73	13	13	47	47
24	KT3	9	9	81	81	7	7	27	27	0	0	13	13	71	81	19	19	39	39
24	KT4	9	9	81	81	7	7	27	27	0	0	13	13	71	71	21	21	43	43
25	Wu1	9	15	0	0	7	7	27	31	27	27	13	13	73	73	27	27	0	0
25	Wu2	9	15	0	0	7	7	25	27	25	25	0	0	77	87	21	35	39	43
25	Wu3	9	9	0	0	7	7	19	29	27	27	13	13	73	73	27	27	41	43
25	Wu4	9	9	0	0	7	7	19	27	25	27	13	13	69	77	29	31	47	47
25	Wu5	9	9	81	81	7	7	17	29	27	27	13	13	67	77	25	37	43	43
25	Wu6	9	9	81	81	7	7	23	27	25	25	13	13	73	75	25	33	39	39
25	Wu7	9	9	81	81	7	7	25	25	25	25	13	15	69	73	27	33	43	43
25	Wu8	9	15	81	81	7	7	25	29	0	0	13	13	73	81	25	27	45	45
25	Wu9	9	9	81	81	7	7	25	25	0	0	13	13	79	79	27	27	41	43
25	Wu10	9	9	81	81	7	7	19	25	0	0	13	13	71	73	0	0	41	47
25	Wu11	9	9	0	0	7	7	23	25	0	0	13	13	73	77	23	23	41	49
25	Wu12	15	15	0	0	7	9	0	0	0	0	13	15	73	83	27	27	43	43
25	Wu13	9	9	0	0	7	7	25	25	25	25	13	15	73	81	33	33	41	45
25	Wu14	9	9	0	0	7	7	25	27	23	25	13	13	73	83	23	27	41	43
25	Wu15	9	15	81	81	7	7	23	27	0	0	13	13	77	77	25	39	41	43
25	Wu16	9	9	0	0	7	7	19	25	0	0	13	13	71	71	27	31	41	41
25	Wu17	9	9	81	81	7	7	23	25	0	0	13	13	77	95	25	31	39	63
25	Wu18	9	11	0	0	7	7	31	31	0	0	13	13	69	73	25	25	43	45
25	Wu19	9	15	0	0	7	7	23	25	0	0	13	13	69	69	33	33	43	45
25	Wu20	9	9	0	0	7	7	25	25	0	0	13	13	63	79	15	25	41	45
25	Wu21	9	9	81	81	7	7	23	25	0	0	13	13	71	73	27	35	45	45
25	Wu22	9	9	0	0	7	7	25	25	25	25	13	13	71	77	29	35	39	39
25	Wu23	9	15	81	81	7	7	17	27	0	0	13	15	73	83	27	27	47	47
25	Wu24	9	9	0	0	7	7	17	25	0	0	13	13	73	83	31	31	47	47
26	I2-1	15	15	63	69	7	7	27	31	0	0	13	13	85	85	27	29	43	43
26	I2-2	15	15	63	69	7	7	27	29	0	0	13	13	83	83	27	27	43	43
26	I2-3	15	15	63	69	7	7	27	27	25	25	13	13	83	83	27	27	43	43
26	I2-4	15	17	63	63	7	7	21	27	25	25	13	13	75	83	27	27	43	43
26	I2-5	15	15	63	69	7	7	21	21	25	27	13	13	83	83	27	27	43	43
26	I2-6	17	17	63	63	7	11	25	27	25	27	13	13	85	85	19	27	39	43
26	I2-7	15	15	0	0	7	11	25	27	25	25	13	13	75	83	27	27	39	43
26	I2-8	17	17	63	69	7	9	27	27	27	27	13	13	69	83	27	27	43	43
26	I2-9	15	15	63	69	7	9	27	27	25	25	13	13	75	75	27	27	43	43
26	I2-10	15	15	63	69	7	9	21	25	23	23	13	13	75	75	27	27	43	43
26	I2-11	15	15	63	63	7	7	27	33	0	0	13	13	79	85	27	27	43	45
26	I2-12	15	17	63	63	7	7	27	29	0	0	13	13	81	83	27	27	43	43
26	I2-13	15	15	63	63	7	7	25	33	0	0	13	13	77	83	27	29	43	43
26	I2-14	15	15	63	63	7	7	27	29	0	0	13	13	75	85	27	27	43	43
26	I2-15	15	17	63	69	7	7	27	33	0	0	13	13	75	83	27	27	43	43
26	I2-16	15	15	63	81	7	7	29	33	0	0	13	13	81	85	27	27	43	43
26	I2-17	15	17	63	69	7	7	29	29	0	0	13	13	75	85	27	27	43	43
26	I2-18	15	17	63	69	7	7	27	29	0	0	13	13	83	83	27	27	43	43
26	I2-19	15	15	63	69	7	7	25	33	0	0	13	13	75	83	27	27	43	43
26	I2-20	15	15	63	69	7	7	29	31	0	0	13	13	83	83	27	31	43	43
26	I2-21	15	15	63	69	7	7	27	29	0	0	5	13	69	69	27	27	43	43
26	I2-22	15	17	63	69	7	7	27	29	0	0	13	13	83	85	27	27	43	43
26	I2-23	15	15	63	63	7	7	29	29	0	0	13	13	85	85	27	27	43	43
26	I2-24	15	17	63	63	7	7	27	27	0	0	13	13	75	75	27	27	43	43
27	I9-1	15	17	63	63	7	9	23	25	23	23	13	13	81	81	27	27	0	0
27	I9-2	15	15	63	63	7	11	23	27	25	25	13	13	81	81	27	27	39	45
27	I9-3	15	17	63	69	7	11	25	25	23	23	13	13	83	83	27	27	43	43
27	I9-4	15	17	63	63	7	9	31	31	23	23	13	13	81	81	27	27	43	43
27	I9-5	13	15	63	63	7	7	25	27	23	23	13	13	75	85	27	27	39	43
27	I9-6	13	17	63	63	7	7	21	25	23	23	13	13	83	85	27	27	39	43
27	I9-7	15	15	63	69	7	7	23	27	21	21	13	13	77	85	27	27	43	43
27	I9-8	15	15	63	69	7	7	23	27	15	15	13	13	83	83	27	29	43	43
27	I9-9	15	15	63	63	7	7	21	27	25	25	13	13	79	83	27	27	39	43
27	I9-10	15	15	63	63	7	7	27	29	27	27	13	13	75	81	27	27	43	43
27	I9-11	15	17	63	69	7	7	27	27	27	27	13	13	81	85	27	27	43	43
27	I9-12	15	17	63	63	7	7	25	29	27	27	13	13	81	81	27	29	43	43
27	I9-13	15	15	63	63	3	7	23	27	25	25	13	13	69	81	27	27	43	43
27	I9-14	15	15	63	63	3	7	25	25	27	27	19	19	79	79	27	29	43	43
27	I9-15	15	17	63	63	1	7	27	31	23	23	13	13	81	83	27	31	43	43
27	I9-16	15	15	63	63	3	7	29	29	19	19	13	13	85	85	27	27	43	43
27	I9-17	15	15	63	63	7	7	25	31	25	27	13	13	81	83	27	29	43	43
27	I9-18	17	17	63	63	5	7	27	29	25	27	13	13	73	81	27	27	39	43
27	I9-19	15	17	63	63	3	7	23	23	31	33	13	13	69	87	27	27	43	43
27	I9-20	15	17	63	63	3	7	27	31	27	27	13	13	77	83	29	29	43	43
27	I9-21	15	15	63	63	11	7	27	27	27	27	13	13	81	83	27	27	43	43
27	I9-22	15	17	63	69	7	7	25	25	27	27	13	13	75	83	27	27	43	43
27	I9-23	15	17	63	63	7	7	27	27	25	29	13	13	81	83	27	27	43	43
27	I9-24	15	17	63	63	7	7	27	27	29	31	13	13	81	81	27	27	39	43
28	Tai10-1	15	17	63	63	7	7	25	27	27	27	13	13	71	77	29	39	43	45
28	Tai10-2	15	19	63	63	7	7	25	29	27	27	13	13	81	81	19	19	45	47
28	Tai10-3	15	17	63	63	7	7	23	25	27	27	13	13	71	73	29	37	43	43
28	Tai10-4	21	21	63	63	7	7	21	25	25	25	13	13	81	81	23	37	43	45
28	Tai10-5	19	21	63	63	7	7	25	29	27	27	13	13	63	73	29	33	49	49
28	Tai10-6	13	19	63	63	7	7	25	29	25	25	13	13	75	77	35	35	47	53
28	Tai10-7	15	19	63	63	7	7	25	29	25	27	13	13	73	73	25	33	43	43
28	Tai10-8	21	23	63	63	3	7	25	29	0	0	13	13	71	79	23	35	43	45
28	Tai10-9	15	19	63	63	3	7	29	35	0	0	13	13	75	93	0	0	43	47
28	Tai10-10	21	21	63	63	7	7	5	31	27	27	13	13	75	75	19	25	43	43
28	Tai10-11	19	23	63	63	7	7	21	21	25	25	13	19	77	77	25	35	43	43
28	Tai10-12	15	19	63	63	7	7	25	27	25	25	13	13	73	75	27	37	43	49
28	Tai10-13	19	19	63	63	7	7	29	29	25	25	13	13	75	93	23	29	47	47
28	Tai10-14	19	19	63	63	7	7	27	27	25	25	13	13	69	75	13	25	43	43
28	Tai10-15	21	21	63	63	7	7	27	27	0	0	13	13	73	75	35	35	43	49
28	Tai10-16	15	21	63	63	7	7	27	27	0	0	13	13	73	77	27	37	45	47
28	Tai10-17	19	21	63	63	7	7	21	21	0	0	13	13	75	75	35	35	45	45
28	Tai10-18	15	15	63	63	7	7	19	27	27	27	13	19	71	77	25	27	39	43
29	Trang1	9	13	33	33	7	7	5	21	5	5	25	27	53	75	23	51	37	37
29	Trang2	13	13	15	25	7	7	7	27	7	7	25	27	53	67	19	47	37	37
29	Trang3	15	15	27	35	3	7	7	17	0	0	25	27	53	53	19	27	37	37
29	Trang4	9	9	29	35	7	7	21	25	5	5	27	27	0	0	19	19	37	37
29	Trang5	9	13	25	27	3	7	21	21	7	7	27	27	75	77	19	19	31	37
29	Trang6	9	9	31	31	1	7	19	25	7	7	27	27	53	71	45	47	37	37
29	Trang7	9	13	1	7	7	7	23	25	0	0	27	27	53	71	23	47	15	19
29	Trang8	9	13	1	7	3	7	5	5	5	5	27	27	87	89	23	23	13	15
29	Trang9	9	9	1	1	7	7	15	15	5	5	21	27	77	81	23	51	17	17
29	Trang10	9	9	1	1	7	7	17	23	5	5	0	0	53	53	23	23	7	15
29	Trang11	9	13	1	1	7	7	19	19	5	7	27	29	65	67	23	37	5	17
29	Trang12	9	9	1	7	7	7	17	17	5	5	27	27	53	75	27	51	11	15
29	Trang13	9	13	1	7	7	7	5	27	7	7	27	27	77	81	47	47	13	13
29	Trang14	9	13	1	7	7	7	1	7	5	7	27	27	87	89	19	31	13	17
29	Trang15	9	13	1	1	7	7	1	1	5	5	27	27	75	77	45	51	13	13
29	Trang16	9	15	1	1	7	7	23	29	5	7	25	27	81	83	23	47	7	13
29	Trang17	9	15	1	1	7	7	17	17	5	7	25	27	53	87	19	41	13	13
29	Trang18	9	9	7	9	7	7	17	17	5	7	25	27	53	87	0	0	9	11
29	Trang19	9	9	1	7	7	7	5	19	5	7	27	27	53	81	23	23	13	13
29	Trang20	9	9	1	7	7	7	5	27	5	5	25	27	53	75	23	23	13	15
29	Trang21	9	9	1	7	7	7	5	23	5	7	27	27	53	51	19	23	11	15
29	Trang22	9	13	1	1	7	7	17	27	5	5	27	27	53	51	19	19	7	13
29	Trang23	9	13	1	1	7	7	23	23	5	5	27	27	53	75	19	19	11	13
29	Trang24	9	13	1	3	7	7	5	5	5	7	21	27	77	75	23	23	19	19
30	Jian1	9	11	63	63	7	7	19	19	3	3	11	21	77	77	0	0	37	37
30	Jian2	9	9	63	63	7	7	7	19	0	0	11	15	0	0	0	0	39	43
30	Jian3	9	9	63	63	7	7	15	17	3	3	23	23	39	75	0	0	37	37
30	Jian4	9	9	63	63	3	7	7	19	0	0	11	11	0	0	0	0	39	43
30	Jian5	0	0	0	0	0	0	0	0	0	0	23	23	0	0	59	59	39	39
30	Jian6	9	9	63	63	7	7	19	19	3	3	0	0	39	73	59	59	37	37
30	Jian7	0	0	0	0	5	7	9	19	0	0	0	0	39	43	59	61	37	37
30	Jian8	9	9	63	63	7	7	9	19	3	3	23	23	39	77	57	59	37	37
30	Jian9	9	9	63	63	7	7	19	23	3	3	23	23	75	77	61	61	37	37
30	Jian10	9	9	63	63	7	7	7	7	0	0	11	23	0	0	61	61	39	43
30	Jian11	9	9	63	63	7	9	7	7	0	0	11	15	37	39	61	61	39	43
30	Jian12	9	11	63	63	7	7	19	19	3	3	11	21	77	77	61	61	37	37
																			
																			
																			
																			
																			